ID,Predicted
0, 0.56
1, 0.15
2, 0.56
3, 0.35
4, 0.88
5, 0.15
6, 0.56
7, 0.35
8, 0.48
9, 0.77
10, 0.48
11, 0.56
12, 0.64
13, 0.56
14, 0.88
15, 0.88
16, 0.88
17, 0.56
18, 0.48
19, 0.64
20, 0.35
21, 0.88
22, 0.56
23, 0.56
24, 0.39
25, 0.48
26, 0.56
27, 0.38
28, 0.48
29, 0.48
30, 0.67
31, 0.31
32, 0.48
33, 0.35
34, 0.64
35, 0.40
36, 0.48
37, 0.48
38, 0.56
39, 0.88
40, 0.48
41, 0.35
42, 0.63
43, 0.40
44, 0.88
45, 0.48
46, 0.63
47, 0.15
48, 0.56
49, 0.64
50, 0.15
51, 0.15
52, 0.15
53, 0.56
54, 0.31
55, 0.56
56, 0.40
57, 0.35
58, 0.35
59, 0.48
60, 0.56
61, 0.64
62, 0.15
63, 0.88
64, 0.88
65, 0.35
66, 0.64
67, 0.39
68, 0.15
69, 0.70
70, 0.56
71, 0.88
72, 0.88
73, 0.35
74, 0.15
75, 0.88
76, 0.56
77, 0.48
78, 0.48
79, 0.15
80, 0.70
81, 0.53
82, 0.53
83, 0.88
84, 0.53
85, 0.88
86, 0.64
87, 0.48
88, 0.64
89, 0.88
90, 0.48
91, 0.88
92, 0.33
93, 0.53
94, 0.88
95, 0.39
96, 0.35
97, 0.39
98, 0.88
99, 0.35
100, 0.56
101, 0.63
102, 0.15
103, 0.64
104, 0.56
105, 0.64
106, 0.56
107, 0.40
108, 0.35
109, 0.64
110, 0.15
111, 0.33
112, 0.31
113, 0.39
114, 0.56
115, 0.56
116, 0.67
117, 0.48
118, 0.15
119, 0.64
120, 0.15
121, 0.88
122, 0.53
123, 0.40
124, 0.56
125, 0.15
126, 0.64
127, 0.56
128, 0.63
129, 0.88
130, 0.15
131, 0.88
132, 0.15
133, 0.64
134, 0.63
135, 0.48
136, 0.15
137, 0.23
138, 0.39
139, 0.64
140, 0.48
141, 0.48
142, 0.33
143, 0.88
144, 0.88
145, 0.40
146, 0.48
147, 0.63
148, 0.35
149, 0.23
150, 0.35
151, 0.88
152, 0.15
153, 0.23
154, 0.40
155, 0.64
156, 0.15
157, 0.56
158, 0.48
159, 0.35
160, 0.53
161, 0.39
162, 0.77
163, 0.15
164, 0.56
165, 0.64
166, 0.15
167, 0.56
168, 0.88
169, 0.35
170, 0.56
171, 0.35
172, 0.77
173, 0.64
174, 0.40
175, 0.67
176, 0.40
177, 0.15
178, 0.56
179, 0.35
180, 0.48
181, 0.48
182, 0.88
183, 0.56
184, 0.35
185, 0.39
186, 0.48
187, 0.23
188, 0.56
189, 0.48
190, 0.56
191, 0.38
192, 0.35
193, 0.70
194, 0.35
195, 0.15
196, 0.40
197, 0.77
198, 0.15
199, 0.15
200, 0.56
201, 0.56
202, 0.56
203, 0.40
204, 0.64
205, 0.33
206, 0.15
207, 0.35
208, 0.88
209, 0.48
210, 0.35
211, 0.48
212, 0.33
213, 0.56
214, 0.63
215, 0.70
216, 0.56
217, 0.56
218, 0.39
219, 0.15
220, 0.15
221, 0.48
222, 0.15
223, 0.15
224, 0.48
225, 0.48
226, 0.48
227, 0.88
228, 0.56
229, 0.48
230, 0.15
231, 0.15
232, 0.63
233, 0.56
234, 0.15
235, 0.15
236, 0.33
237, 0.15
238, 0.56
239, 0.35
240, 0.35
241, 0.86
242, 0.15
243, 0.15
244, 0.63
245, 0.40
246, 0.64
247, 0.64
248, 0.48
249, 0.15
250, 0.88
251, 0.35
252, 0.56
253, 0.15
254, 0.35
255, 0.56
256, 0.33
257, 0.48
258, 0.56
259, 0.63
260, 0.15
261, 0.15
262, 0.15
263, 0.88
264, 0.48
265, 0.48
266, 0.39
267, 0.67
268, 0.35
269, 0.39
270, 0.40
271, 0.88
272, 0.53
273, 0.40
274, 0.64
275, 0.64
276, 0.64
277, 0.15
278, 0.88
279, 0.56
280, 0.88
281, 0.64
282, 0.88
283, 0.48
284, 0.56
285, 0.64
286, 0.48
287, 0.56
288, 0.88
289, 0.63
290, 0.48
291, 0.56
292, 0.88
293, 0.35
294, 0.15
295, 0.53
296, 0.15
297, 0.56
298, 0.15
299, 0.40
300, 0.35
301, 0.64
302, 0.35
303, 0.40
304, 0.48
305, 0.64
306, 0.40
307, 0.64
308, 0.64
309, 0.48
310, 0.56
311, 0.15
312, 0.88
313, 0.56
314, 0.39
315, 0.48
316, 0.48
317, 0.64
318, 0.35
319, 0.15
320, 0.40
321, 0.88
322, 0.15
323, 0.15
324, 0.64
325, 0.88
326, 0.77
327, 0.48
328, 0.40
329, 0.48
330, 0.15
331, 0.39
332, 0.15
333, 0.15
334, 0.88
335, 0.56
336, 0.35
337, 0.48
338, 0.48
339, 0.56
340, 0.40
341, 0.38
342, 0.35
343, 0.15
344, 0.88
345, 0.40
346, 0.15
347, 0.35
348, 0.64
349, 0.64
350, 0.88
351, 0.35
352, 0.56
353, 0.64
354, 0.48
355, 0.35
356, 0.35
357, 0.15
358, 0.33
359, 0.35
360, 0.64
361, 0.48
362, 0.53
363, 0.64
364, 0.77
365, 0.48
366, 0.38
367, 0.88
368, 0.53
369, 0.15
370, 0.56
371, 0.88
372, 0.64
373, 0.64
374, 0.88
375, 0.64
376, 0.48
377, 0.33
378, 0.48
379, 0.38
380, 0.39
381, 0.15
382, 0.15
383, 0.39
384, 0.40
385, 0.56
386, 0.15
387, 0.48
388, 0.88
389, 0.15
390, 0.88
391, 0.33
392, 0.56
393, 0.40
394, 0.48
395, 0.39
396, 0.64
397, 0.15
398, 0.39
399, 0.88
400, 0.39
401, 0.64
402, 0.56
403, 0.63
404, 0.23
405, 0.56
406, 0.15
407, 0.53
408, 0.70
409, 0.56
410, 0.15
411, 0.88
412, 0.33
413, 0.40
414, 0.15
415, 0.67
416, 0.39
417, 0.88
418, 0.48
419, 0.64
420, 0.38
421, 0.64
422, 0.56
423, 0.88
424, 0.88
425, 0.67
426, 0.33
427, 0.64
428, 0.88
429, 0.15
430, 0.40
431, 0.88
432, 0.48
433, 0.15
434, 0.88
435, 0.56
436, 0.53
437, 0.48
438, 0.56
439, 0.15
440, 0.88
441, 0.35
442, 0.33
443, 0.56
444, 0.48
445, 0.38
446, 0.35
447, 0.15
448, 0.39
449, 0.88
450, 0.64
451, 0.15
452, 0.64
453, 0.15
454, 0.31
455, 0.48
456, 0.35
457, 0.48
458, 0.56
459, 0.39
460, 0.64
461, 0.63
462, 0.63
463, 0.88
464, 0.88
465, 0.64
466, 0.40
467, 0.64
468, 0.88
469, 0.40
470, 0.40
471, 0.40
472, 0.35
473, 0.40
474, 0.88
475, 0.88
476, 0.88
477, 0.48
478, 0.15
479, 0.35
480, 0.53
481, 0.88
482, 0.88
483, 0.48
484, 0.15
485, 0.64
486, 0.35
487, 0.88
488, 0.39
489, 0.56
490, 0.35
491, 0.15
492, 0.40
493, 0.48
494, 0.48
495, 0.33
496, 0.23
497, 0.56
498, 0.88
499, 0.64
500, 0.88
501, 0.35
502, 0.15
503, 0.56
504, 0.53
505, 0.88
506, 0.67
507, 0.88
508, 0.56
509, 0.35
510, 0.56
511, 0.48
512, 0.48
513, 0.35
514, 0.35
515, 0.56
516, 0.23
517, 0.88
518, 0.35
519, 0.33
520, 0.15
521, 0.48
522, 0.15
523, 0.35
524, 0.53
525, 0.35
526, 0.35
527, 0.56
528, 0.48
529, 0.35
530, 0.48
531, 0.35
532, 0.40
533, 0.56
534, 0.35
535, 0.38
536, 0.48
537, 0.35
538, 0.53
539, 0.15
540, 0.88
541, 0.35
542, 0.48
543, 0.88
544, 0.48
545, 0.35
546, 0.88
547, 0.40
548, 0.35
549, 0.35
550, 0.35
551, 0.40
552, 0.88
553, 0.15
554, 0.56
555, 0.48
556, 0.15
557, 0.88
558, 0.56
559, 0.77
560, 0.48
561, 0.40
562, 0.77
563, 0.88
564, 0.48
565, 0.88
566, 0.86
567, 0.88
568, 0.64
569, 0.88
570, 0.48
571, 0.64
572, 0.33
573, 0.15
574, 0.70
575, 0.56
576, 0.64
577, 0.64
578, 0.48
579, 0.53
580, 0.70
581, 0.38
582, 0.39
583, 0.63
584, 0.56
585, 0.39
586, 0.15
587, 0.39
588, 0.15
589, 0.23
590, 0.40
591, 0.64
592, 0.70
593, 0.88
594, 0.35
595, 0.88
596, 0.48
597, 0.48
598, 0.35
599, 0.56
600, 0.64
601, 0.88
602, 0.77
603, 0.35
604, 0.64
605, 0.15
606, 0.35
607, 0.15
608, 0.88
609, 0.15
610, 0.56
611, 0.48
612, 0.35
613, 0.56
614, 0.56
615, 0.40
616, 0.56
617, 0.48
618, 0.35
619, 0.15
620, 0.33
621, 0.63
622, 0.56
623, 0.48
624, 0.35
625, 0.35
626, 0.56
627, 0.88
628, 0.48
629, 0.56
630, 0.33
631, 0.35
632, 0.15
633, 0.33
634, 0.88
635, 0.56
636, 0.88
637, 0.70
638, 0.35
639, 0.56
640, 0.64
641, 0.48
642, 0.48
643, 0.56
644, 0.64
645, 0.48
646, 0.31
647, 0.56
648, 0.88
649, 0.39
650, 0.56
651, 0.70
652, 0.77
653, 0.64
654, 0.88
655, 0.35
656, 0.33
657, 0.33
658, 0.15
659, 0.53
660, 0.88
661, 0.48
662, 0.56
663, 0.35
664, 0.39
665, 0.35
666, 0.40
667, 0.88
668, 0.56
669, 0.88
670, 0.64
671, 0.56
672, 0.88
673, 0.64
674, 0.35
675, 0.88
676, 0.15
677, 0.15
678, 0.15
679, 0.56
680, 0.88
681, 0.88
682, 0.39
683, 0.35
684, 0.86
685, 0.33
686, 0.48
687, 0.56
688, 0.35
689, 0.15
690, 0.77
691, 0.88
692, 0.56
693, 0.35
694, 0.64
695, 0.40
696, 0.56
697, 0.40
698, 0.35
699, 0.67
700, 0.53
701, 0.35
702, 0.48
703, 0.56
704, 0.31
705, 0.33
706, 0.35
707, 0.15
708, 0.35
709, 0.15
710, 0.88
711, 0.38
712, 0.56
713, 0.56
714, 0.40
715, 0.35
716, 0.15
717, 0.35
718, 0.33
719, 0.33
720, 0.15
721, 0.64
722, 0.15
723, 0.48
724, 0.35
725, 0.48
726, 0.56
727, 0.38
728, 0.56
729, 0.35
730, 0.35
731, 0.15
732, 0.56
733, 0.88
734, 0.15
735, 0.40
736, 0.39
737, 0.15
738, 0.56
739, 0.31
740, 0.56
741, 0.15
742, 0.56
743, 0.23
744, 0.88
745, 0.35
746, 0.35
747, 0.38
748, 0.15
749, 0.64
750, 0.63
751, 0.48
752, 0.53
753, 0.88
754, 0.56
755, 0.56
756, 0.53
757, 0.56
758, 0.15
759, 0.48
760, 0.15
761, 0.64
762, 0.35
763, 0.35
764, 0.35
765, 0.15
766, 0.77
767, 0.35
768, 0.15
769, 0.48
770, 0.64
771, 0.56
772, 0.40
773, 0.40
774, 0.38
775, 0.53
776, 0.56
777, 0.33
778, 0.64
779, 0.70
780, 0.40
781, 0.64
782, 0.77
783, 0.35
784, 0.56
785, 0.53
786, 0.35
787, 0.35
788, 0.88
789, 0.15
790, 0.15
791, 0.77
792, 0.40
793, 0.15
794, 0.40
795, 0.53
796, 0.15
797, 0.40
798, 0.53
799, 0.88
800, 0.48
801, 0.64
802, 0.38
803, 0.88
804, 0.67
805, 0.56
806, 0.15
807, 0.48
808, 0.15
809, 0.15
810, 0.38
811, 0.64
812, 0.88
813, 0.15
814, 0.40
815, 0.40
816, 0.88
817, 0.39
818, 0.15
819, 0.48
820, 0.70
821, 0.15
822, 0.88
823, 0.33
824, 0.35
825, 0.15
826, 0.35
827, 0.56
828, 0.88
829, 0.70
830, 0.15
831, 0.53
832, 0.33
833, 0.48
834, 0.38
835, 0.56
836, 0.64
837, 0.33
838, 0.77
839, 0.39
840, 0.15
841, 0.56
842, 0.56
843, 0.77
844, 0.70
845, 0.56
846, 0.56
847, 0.15
848, 0.35
849, 0.38
850, 0.15
851, 0.48
852, 0.15
853, 0.64
854, 0.67
855, 0.88
856, 0.56
857, 0.35
858, 0.38
859, 0.64
860, 0.56
861, 0.15
862, 0.70
863, 0.56
864, 0.67
865, 0.39
866, 0.48
867, 0.15
868, 0.48
869, 0.56
870, 0.15
871, 0.56
872, 0.88
873, 0.88
874, 0.15
875, 0.15
876, 0.35
877, 0.56
878, 0.35
879, 0.48
880, 0.56
881, 0.33
882, 0.35
883, 0.64
884, 0.33
885, 0.40
886, 0.88
887, 0.35
888, 0.56
889, 0.31
890, 0.88
891, 0.40
892, 0.40
893, 0.35
894, 0.88
895, 0.63
896, 0.35
897, 0.64
898, 0.15
899, 0.15
900, 0.48
901, 0.35
902, 0.64
903, 0.40
904, 0.88
905, 0.88
906, 0.35
907, 0.35
908, 0.15
909, 0.40
910, 0.88
911, 0.48
912, 0.35
913, 0.35
914, 0.35
915, 0.35
916, 0.56
917, 0.88
918, 0.53
919, 0.48
920, 0.40
921, 0.35
922, 0.53
923, 0.56
924, 0.53
925, 0.39
926, 0.39
927, 0.88
928, 0.15
929, 0.88
930, 0.39
931, 0.35
932, 0.35
933, 0.33
934, 0.56
935, 0.35
936, 0.67
937, 0.35
938, 0.48
939, 0.77
940, 0.48
941, 0.15
942, 0.35
943, 0.39
944, 0.48
945, 0.35
946, 0.53
947, 0.88
948, 0.15
949, 0.15
950, 0.48
951, 0.88
952, 0.31
953, 0.40
954, 0.35
955, 0.35
956, 0.39
957, 0.63
958, 0.48
959, 0.15
960, 0.35
961, 0.64
962, 0.48
963, 0.88
964, 0.56
965, 0.35
966, 0.35
967, 0.88
968, 0.35
969, 0.56
970, 0.35
971, 0.15
972, 0.39
973, 0.15
974, 0.48
975, 0.48
976, 0.56
977, 0.48
978, 0.40
979, 0.35
980, 0.39
981, 0.63
982, 0.39
983, 0.48
984, 0.70
985, 0.48
986, 0.15
987, 0.35
988, 0.56
989, 0.38
990, 0.15
991, 0.15
992, 0.35
993, 0.39
994, 0.15
995, 0.35
996, 0.56
997, 0.56
998, 0.23
999, 0.48
1000, 0.40
1001, 0.38
1002, 0.35
1003, 0.48
1004, 0.88
1005, 0.15
1006, 0.35
1007, 0.88
1008, 0.38
1009, 0.48
1010, 0.48
1011, 0.35
1012, 0.64
1013, 0.35
1014, 0.15
1015, 0.56
1016, 0.64
1017, 0.48
1018, 0.56
1019, 0.67
1020, 0.15
1021, 0.67
1022, 0.56
1023, 0.33
1024, 0.48
1025, 0.40
1026, 0.88
1027, 0.48
1028, 0.88
1029, 0.48
1030, 0.15
1031, 0.88
1032, 0.48
1033, 0.56
1034, 0.48
1035, 0.88
1036, 0.48
1037, 0.48
1038, 0.40
1039, 0.56
1040, 0.70
1041, 0.48
1042, 0.88
1043, 0.48
1044, 0.35
1045, 0.48
1046, 0.35
1047, 0.40
1048, 0.35
1049, 0.35
1050, 0.35
1051, 0.88
1052, 0.56
1053, 0.35
1054, 0.15
1055, 0.88
1056, 0.15
1057, 0.35
1058, 0.63
1059, 0.63
1060, 0.53
1061, 0.35
1062, 0.48
1063, 0.48
1064, 0.88
1065, 0.48
1066, 0.88
1067, 0.35
1068, 0.15
1069, 0.64
1070, 0.88
1071, 0.53
1072, 0.48
1073, 0.48
1074, 0.15
1075, 0.15
1076, 0.56
1077, 0.48
1078, 0.15
1079, 0.15
1080, 0.15
1081, 0.38
1082, 0.56
1083, 0.88
1084, 0.64
1085, 0.64
1086, 0.35
1087, 0.38
1088, 0.56
1089, 0.64
1090, 0.40
1091, 0.33
1092, 0.15
1093, 0.35
1094, 0.35
1095, 0.33
1096, 0.35
1097, 0.35
1098, 0.64
1099, 0.35
1100, 0.48
1101, 0.35
1102, 0.56
1103, 0.39
1104, 0.40
1105, 0.48
1106, 0.35
1107, 0.48
1108, 0.40
1109, 0.15
1110, 0.67
1111, 0.39
1112, 0.53
1113, 0.48
1114, 0.88
1115, 0.64
1116, 0.64
1117, 0.23
1118, 0.88
1119, 0.64
1120, 0.88
1121, 0.35
1122, 0.64
1123, 0.88
1124, 0.88
1125, 0.15
1126, 0.35
1127, 0.35
1128, 0.64
1129, 0.15
1130, 0.56
1131, 0.48
1132, 0.56
1133, 0.48
1134, 0.48
1135, 0.31
1136, 0.35
1137, 0.64
1138, 0.48
1139, 0.48
1140, 0.88
1141, 0.15
1142, 0.15
1143, 0.56
1144, 0.56
1145, 0.64
1146, 0.64
1147, 0.15
1148, 0.88
1149, 0.88
1150, 0.56
1151, 0.35
1152, 0.88
1153, 0.15
1154, 0.15
1155, 0.15
1156, 0.15
1157, 0.33
1158, 0.48
1159, 0.88
1160, 0.56
1161, 0.53
1162, 0.48
1163, 0.48
1164, 0.53
1165, 0.88
1166, 0.35
1167, 0.48
1168, 0.56
1169, 0.70
1170, 0.39
1171, 0.56
1172, 0.88
1173, 0.53
1174, 0.88
1175, 0.56
1176, 0.70
1177, 0.35
1178, 0.35
1179, 0.40
1180, 0.56
1181, 0.56
1182, 0.35
1183, 0.38
1184, 0.64
1185, 0.35
1186, 0.88
1187, 0.77
1188, 0.40
1189, 0.38
1190, 0.56
1191, 0.88
1192, 0.48
1193, 0.67
1194, 0.56
1195, 0.56
1196, 0.35
1197, 0.70
1198, 0.64
1199, 0.88
1200, 0.39
1201, 0.35
1202, 0.56
1203, 0.88
1204, 0.48
1205, 0.35
1206, 0.53
1207, 0.64
1208, 0.31
1209, 0.35
1210, 0.48
1211, 0.64
1212, 0.53
1213, 0.48
1214, 0.31
1215, 0.70
1216, 0.56
1217, 0.35
1218, 0.40
1219, 0.35
1220, 0.15
1221, 0.88
1222, 0.63
1223, 0.48
1224, 0.77
1225, 0.31
1226, 0.33
1227, 0.15
1228, 0.56
1229, 0.48
1230, 0.64
1231, 0.40
1232, 0.64
1233, 0.15
1234, 0.53
1235, 0.33
1236, 0.48
1237, 0.63
1238, 0.48
1239, 0.15
1240, 0.23
1241, 0.15
1242, 0.48
1243, 0.77
1244, 0.15
1245, 0.70
1246, 0.48
1247, 0.15
1248, 0.77
1249, 0.53
1250, 0.56
1251, 0.88
1252, 0.56
1253, 0.38
1254, 0.40
1255, 0.48
1256, 0.88
1257, 0.88
1258, 0.67
1259, 0.48
1260, 0.40
1261, 0.38
1262, 0.64
1263, 0.88
1264, 0.48
1265, 0.48
1266, 0.77
1267, 0.35
1268, 0.56
1269, 0.40
1270, 0.15
1271, 0.40
1272, 0.88
1273, 0.88
1274, 0.48
1275, 0.56
1276, 0.39
1277, 0.33
1278, 0.56
1279, 0.88
1280, 0.31
1281, 0.56
1282, 0.48
1283, 0.67
1284, 0.48
1285, 0.88
1286, 0.88
1287, 0.64
1288, 0.48
1289, 0.35
1290, 0.40
1291, 0.88
1292, 0.40
1293, 0.88
1294, 0.53
1295, 0.53
1296, 0.35
1297, 0.56
1298, 0.35
1299, 0.88
1300, 0.23
1301, 0.64
1302, 0.15
1303, 0.35
1304, 0.35
1305, 0.64
1306, 0.88
1307, 0.48
1308, 0.40
1309, 0.35
1310, 0.35
1311, 0.48
1312, 0.15
1313, 0.56
1314, 0.15
1315, 0.88
1316, 0.35
1317, 0.15
1318, 0.48
1319, 0.64
1320, 0.64
1321, 0.35
1322, 0.15
1323, 0.64
1324, 0.35
1325, 0.70
1326, 0.48
1327, 0.35
1328, 0.88
1329, 0.64
1330, 0.40
1331, 0.56
1332, 0.88
1333, 0.35
1334, 0.56
1335, 0.56
1336, 0.40
1337, 0.35
1338, 0.48
1339, 0.88
1340, 0.48
1341, 0.15
1342, 0.31
1343, 0.53
1344, 0.39
1345, 0.88
1346, 0.31
1347, 0.35
1348, 0.15
1349, 0.48
1350, 0.56
1351, 0.15
1352, 0.15
1353, 0.35
1354, 0.64
1355, 0.48
1356, 0.40
1357, 0.56
1358, 0.64
1359, 0.48
1360, 0.56
1361, 0.40
1362, 0.88
1363, 0.40
1364, 0.39
1365, 0.40
1366, 0.48
1367, 0.88
1368, 0.88
1369, 0.56
1370, 0.88
1371, 0.35
1372, 0.33
1373, 0.15
1374, 0.15
1375, 0.88
1376, 0.56
1377, 0.15
1378, 0.56
1379, 0.48
1380, 0.48
1381, 0.56
1382, 0.23
1383, 0.35
1384, 0.35
1385, 0.64
1386, 0.48
1387, 0.35
1388, 0.88
1389, 0.39
1390, 0.53
1391, 0.64
1392, 0.64
1393, 0.48
1394, 0.88
1395, 0.40
1396, 0.56
1397, 0.15
1398, 0.35
1399, 0.88
1400, 0.48
1401, 0.56
1402, 0.35
1403, 0.15
1404, 0.15
1405, 0.15
1406, 0.63
1407, 0.64
1408, 0.48
1409, 0.56
1410, 0.88
1411, 0.33
1412, 0.88
1413, 0.56
1414, 0.56
1415, 0.15
1416, 0.70
1417, 0.35
1418, 0.48
1419, 0.39
1420, 0.56
1421, 0.35
1422, 0.48
1423, 0.35
1424, 0.56
1425, 0.56
1426, 0.48
1427, 0.56
1428, 0.56
1429, 0.15
1430, 0.48
1431, 0.70
1432, 0.48
1433, 0.48
1434, 0.56
1435, 0.15
1436, 0.35
1437, 0.56
1438, 0.15
1439, 0.64
1440, 0.56
1441, 0.35
1442, 0.56
1443, 0.48
1444, 0.56
1445, 0.23
1446, 0.15
1447, 0.15
1448, 0.15
1449, 0.15
1450, 0.33
1451, 0.64
1452, 0.88
1453, 0.88
1454, 0.15
1455, 0.48
1456, 0.35
1457, 0.48
1458, 0.15
1459, 0.39
1460, 0.35
1461, 0.15
1462, 0.63
1463, 0.15
1464, 0.48
1465, 0.15
1466, 0.88
1467, 0.40
1468, 0.56
1469, 0.56
1470, 0.35
1471, 0.35
1472, 0.15
1473, 0.15
1474, 0.40
1475, 0.88
1476, 0.64
1477, 0.56
1478, 0.15
1479, 0.40
1480, 0.88
1481, 0.67
1482, 0.40
1483, 0.56
1484, 0.70
1485, 0.56
1486, 0.64
1487, 0.88
1488, 0.15
1489, 0.56
1490, 0.15
1491, 0.35
1492, 0.64
1493, 0.40
1494, 0.64
1495, 0.88
1496, 0.48
1497, 0.64
1498, 0.15
1499, 0.15
1500, 0.15
1501, 0.48
1502, 0.33
1503, 0.88
1504, 0.88
1505, 0.88
1506, 0.48
1507, 0.53
1508, 0.56
1509, 0.48
1510, 0.56
1511, 0.48
1512, 0.23
1513, 0.40
1514, 0.15
1515, 0.40
1516, 0.56
1517, 0.53
1518, 0.56
1519, 0.15
1520, 0.15
1521, 0.15
1522, 0.53
1523, 0.15
1524, 0.56
1525, 0.56
1526, 0.15
1527, 0.15
1528, 0.56
1529, 0.56
1530, 0.33
1531, 0.88
1532, 0.88
1533, 0.64
1534, 0.33
1535, 0.64
1536, 0.35
1537, 0.64
1538, 0.88
1539, 0.48
1540, 0.40
1541, 0.88
1542, 0.56
1543, 0.35
1544, 0.40
1545, 0.64
1546, 0.56
1547, 0.48
1548, 0.39
1549, 0.56
1550, 0.15
1551, 0.33
1552, 0.70
1553, 0.35
1554, 0.33
1555, 0.15
1556, 0.15
1557, 0.88
1558, 0.48
1559, 0.64
1560, 0.88
1561, 0.63
1562, 0.15
1563, 0.15
1564, 0.88
1565, 0.88
1566, 0.67
1567, 0.56
1568, 0.38
1569, 0.88
1570, 0.35
1571, 0.88
1572, 0.88
1573, 0.15
1574, 0.15
1575, 0.31
1576, 0.88
1577, 0.88
1578, 0.88
1579, 0.39
1580, 0.15
1581, 0.39
1582, 0.35
1583, 0.56
1584, 0.15
1585, 0.39
1586, 0.15
1587, 0.56
1588, 0.56
1589, 0.88
1590, 0.40
1591, 0.88
1592, 0.48
1593, 0.56
1594, 0.56
1595, 0.15
1596, 0.56
1597, 0.56
1598, 0.88
1599, 0.64
1600, 0.15
1601, 0.48
1602, 0.77
1603, 0.35
1604, 0.35
1605, 0.15
1606, 0.53
1607, 0.56
1608, 0.48
1609, 0.35
1610, 0.56
1611, 0.64
1612, 0.24
1613, 0.15
1614, 0.88
1615, 0.88
1616, 0.53
1617, 0.56
1618, 0.64
1619, 0.39
1620, 0.88
1621, 0.63
1622, 0.88
1623, 0.39
1624, 0.56
1625, 0.67
1626, 0.48
1627, 0.56
1628, 0.64
1629, 0.53
1630, 0.77
1631, 0.39
1632, 0.35
1633, 0.35
1634, 0.38
1635, 0.48
1636, 0.88
1637, 0.64
1638, 0.39
1639, 0.15
1640, 0.15
1641, 0.53
1642, 0.88
1643, 0.88
1644, 0.56
1645, 0.35
1646, 0.15
1647, 0.88
1648, 0.64
1649, 0.15
1650, 0.48
1651, 0.86
1652, 0.15
1653, 0.88
1654, 0.15
1655, 0.48
1656, 0.35
1657, 0.35
1658, 0.39
1659, 0.56
1660, 0.63
1661, 0.15
1662, 0.40
1663, 0.56
1664, 0.35
1665, 0.88
1666, 0.35
1667, 0.56
1668, 0.15
1669, 0.48
1670, 0.56
1671, 0.88
1672, 0.40
1673, 0.40
1674, 0.53
1675, 0.15
1676, 0.48
1677, 0.64
1678, 0.39
1679, 0.88
1680, 0.63
1681, 0.88
1682, 0.88
1683, 0.35
1684, 0.40
1685, 0.64
1686, 0.64
1687, 0.48
1688, 0.15
1689, 0.63
1690, 0.53
1691, 0.56
1692, 0.35
1693, 0.15
1694, 0.67
1695, 0.56
1696, 0.48
1697, 0.88
1698, 0.40
1699, 0.56
1700, 0.35
1701, 0.48
1702, 0.64
1703, 0.88
1704, 0.35
1705, 0.40
1706, 0.88
1707, 0.35
1708, 0.48
1709, 0.56
1710, 0.15
1711, 0.64
1712, 0.40
1713, 0.86
1714, 0.56
1715, 0.88
1716, 0.88
1717, 0.40
1718, 0.15
1719, 0.40
1720, 0.53
1721, 0.48
1722, 0.56
1723, 0.40
1724, 0.48
1725, 0.53
1726, 0.88
1727, 0.35
1728, 0.39
1729, 0.88
1730, 0.31
1731, 0.35
1732, 0.48
1733, 0.56
1734, 0.39
1735, 0.56
1736, 0.53
1737, 0.15
1738, 0.88
1739, 0.64
1740, 0.88
1741, 0.56
1742, 0.64
1743, 0.15
1744, 0.35
1745, 0.35
1746, 0.48
1747, 0.56
1748, 0.56
1749, 0.40
1750, 0.56
1751, 0.33
1752, 0.56
1753, 0.64
1754, 0.88
1755, 0.53
1756, 0.33
1757, 0.88
1758, 0.48
1759, 0.56
1760, 0.35
1761, 0.64
1762, 0.48
1763, 0.40
1764, 0.53
1765, 0.64
1766, 0.56
1767, 0.88
1768, 0.40
1769, 0.56
1770, 0.35
1771, 0.63
1772, 0.48
1773, 0.48
1774, 0.39
1775, 0.63
1776, 0.63
1777, 0.35
1778, 0.56
1779, 0.31
1780, 0.88
1781, 0.56
1782, 0.35
1783, 0.40
1784, 0.15
1785, 0.33
1786, 0.40
1787, 0.88
1788, 0.33
1789, 0.35
1790, 0.48
1791, 0.15
1792, 0.56
1793, 0.48
1794, 0.33
1795, 0.15
1796, 0.15
1797, 0.56
1798, 0.15
1799, 0.35
1800, 0.88
1801, 0.35
1802, 0.38
1803, 0.53
1804, 0.31
1805, 0.40
1806, 0.88
1807, 0.48
1808, 0.56
1809, 0.48
1810, 0.48
1811, 0.56
1812, 0.53
1813, 0.64
1814, 0.33
1815, 0.56
1816, 0.23
1817, 0.56
1818, 0.56
1819, 0.33
1820, 0.56
1821, 0.67
1822, 0.88
1823, 0.15
1824, 0.33
1825, 0.33
1826, 0.40
1827, 0.15
1828, 0.15
1829, 0.48
1830, 0.56
1831, 0.39
1832, 0.15
1833, 0.88
1834, 0.39
1835, 0.15
1836, 0.77
1837, 0.39
1838, 0.48
1839, 0.15
1840, 0.23
1841, 0.35
1842, 0.35
1843, 0.15
1844, 0.48
1845, 0.35
1846, 0.88
1847, 0.15
1848, 0.48
1849, 0.35
1850, 0.56
1851, 0.40
1852, 0.67
1853, 0.67
1854, 0.38
1855, 0.39
1856, 0.56
1857, 0.35
1858, 0.35
1859, 0.35
1860, 0.15
1861, 0.35
1862, 0.88
1863, 0.15
1864, 0.33
1865, 0.67
1866, 0.56
1867, 0.70
1868, 0.31
1869, 0.39
1870, 0.15
1871, 0.48
1872, 0.40
1873, 0.48
1874, 0.35
1875, 0.64
1876, 0.88
1877, 0.35
1878, 0.35
1879, 0.88
1880, 0.88
1881, 0.88
1882, 0.56
1883, 0.15
1884, 0.48
1885, 0.15
1886, 0.40
1887, 0.15
1888, 0.35
1889, 0.48
1890, 0.64
1891, 0.56
1892, 0.88
1893, 0.40
1894, 0.15
1895, 0.64
1896, 0.40
1897, 0.35
1898, 0.31
1899, 0.88
1900, 0.56
1901, 0.40
1902, 0.88
1903, 0.88
1904, 0.35
1905, 0.64
1906, 0.48
1907, 0.88
1908, 0.56
1909, 0.38
1910, 0.48
1911, 0.48
1912, 0.88
1913, 0.48
1914, 0.53
1915, 0.31
1916, 0.56
1917, 0.63
1918, 0.40
1919, 0.88
1920, 0.35
1921, 0.88
1922, 0.64
1923, 0.38
1924, 0.88
1925, 0.35
1926, 0.40
1927, 0.48
1928, 0.56
1929, 0.40
1930, 0.15
1931, 0.35
1932, 0.15
1933, 0.67
1934, 0.40
1935, 0.33
1936, 0.48
1937, 0.64
1938, 0.56
1939, 0.39
1940, 0.48
1941, 0.39
1942, 0.48
1943, 0.56
1944, 0.88
1945, 0.24
1946, 0.77
1947, 0.15
1948, 0.48
1949, 0.88
1950, 0.33
1951, 0.48
1952, 0.67
1953, 0.88
1954, 0.56
1955, 0.63
1956, 0.56
1957, 0.70
1958, 0.38
1959, 0.64
1960, 0.15
1961, 0.88
1962, 0.64
1963, 0.56
1964, 0.64
1965, 0.35
1966, 0.35
1967, 0.64
1968, 0.15
1969, 0.53
1970, 0.88
1971, 0.56
1972, 0.88
1973, 0.48
1974, 0.48
1975, 0.38
1976, 0.33
1977, 0.64
1978, 0.48
1979, 0.56
1980, 0.40
1981, 0.39
1982, 0.40
1983, 0.40
1984, 0.63
1985, 0.35
1986, 0.88
1987, 0.33
1988, 0.48
1989, 0.40
1990, 0.56
1991, 0.33
1992, 0.64
1993, 0.53
1994, 0.56
1995, 0.64
1996, 0.63
1997, 0.35
1998, 0.64
1999, 0.35
2000, 0.48
2001, 0.15
2002, 0.39
2003, 0.35
2004, 0.88
2005, 0.88
2006, 0.56
2007, 0.64
2008, 0.24
2009, 0.48
2010, 0.88
2011, 0.77
2012, 0.40
2013, 0.39
2014, 0.64
2015, 0.88
2016, 0.48
2017, 0.31
2018, 0.53
2019, 0.24
2020, 0.35
2021, 0.48
2022, 0.40
2023, 0.15
2024, 0.31
2025, 0.35
2026, 0.40
2027, 0.88
2028, 0.39
2029, 0.88
2030, 0.15
2031, 0.56
2032, 0.35
2033, 0.35
2034, 0.48
2035, 0.35
2036, 0.48
2037, 0.35
2038, 0.56
2039, 0.56
2040, 0.15
2041, 0.31
2042, 0.39
2043, 0.40
2044, 0.40
2045, 0.35
2046, 0.88
2047, 0.15
2048, 0.33
2049, 0.56
2050, 0.31
2051, 0.15
2052, 0.70
2053, 0.56
2054, 0.35
2055, 0.39
2056, 0.48
2057, 0.35
2058, 0.56
2059, 0.64
2060, 0.35
2061, 0.35
2062, 0.31
2063, 0.38
2064, 0.40
2065, 0.88
2066, 0.15
2067, 0.56
2068, 0.23
2069, 0.15
2070, 0.33
2071, 0.40
2072, 0.15
2073, 0.64
2074, 0.40
2075, 0.70
2076, 0.48
2077, 0.35
2078, 0.48
2079, 0.40
2080, 0.77
2081, 0.88
2082, 0.38
2083, 0.31
2084, 0.56
2085, 0.35
2086, 0.35
2087, 0.88
2088, 0.48
2089, 0.48
2090, 0.48
2091, 0.56
2092, 0.64
2093, 0.38
2094, 0.67
2095, 0.56
2096, 0.39
2097, 0.15
2098, 0.15
2099, 0.35
2100, 0.23
2101, 0.39
2102, 0.35
2103, 0.56
2104, 0.15
2105, 0.88
2106, 0.88
2107, 0.88
2108, 0.35
2109, 0.64
2110, 0.88
2111, 0.70
2112, 0.15
2113, 0.35
2114, 0.15
2115, 0.88
2116, 0.15
2117, 0.56
2118, 0.15
2119, 0.53
2120, 0.70
2121, 0.56
2122, 0.40
2123, 0.56
2124, 0.88
2125, 0.48
2126, 0.48
2127, 0.56
2128, 0.56
2129, 0.48
2130, 0.56
2131, 0.35
2132, 0.48
2133, 0.88
2134, 0.88
2135, 0.56
2136, 0.53
2137, 0.88
2138, 0.48
2139, 0.56
2140, 0.15
2141, 0.88
2142, 0.64
2143, 0.88
2144, 0.35
2145, 0.56
2146, 0.35
2147, 0.56
2148, 0.64
2149, 0.15
2150, 0.15
2151, 0.77
2152, 0.33
2153, 0.48
2154, 0.88
2155, 0.88
2156, 0.35
2157, 0.48
2158, 0.48
2159, 0.86
2160, 0.77
2161, 0.64
2162, 0.53
2163, 0.15
2164, 0.70
2165, 0.56
2166, 0.88
2167, 0.56
2168, 0.88
2169, 0.39
2170, 0.35
2171, 0.35
2172, 0.35
2173, 0.67
2174, 0.15
2175, 0.56
2176, 0.38
2177, 0.56
2178, 0.48
2179, 0.48
2180, 0.56
2181, 0.39
2182, 0.88
2183, 0.56
2184, 0.53
2185, 0.48
2186, 0.56
2187, 0.15
2188, 0.77
2189, 0.35
2190, 0.15
2191, 0.15
2192, 0.35
2193, 0.88
2194, 0.35
2195, 0.35
2196, 0.88
2197, 0.15
2198, 0.56
2199, 0.40
2200, 0.35
2201, 0.48
2202, 0.88
2203, 0.88
2204, 0.64
2205, 0.15
2206, 0.15
2207, 0.35
2208, 0.15
2209, 0.23
2210, 0.88
2211, 0.15
2212, 0.56
2213, 0.48
2214, 0.15
2215, 0.35
2216, 0.15
2217, 0.88
2218, 0.56
2219, 0.40
2220, 0.56
2221, 0.48
2222, 0.48
2223, 0.64
2224, 0.15
2225, 0.48
2226, 0.64
2227, 0.38
2228, 0.35
2229, 0.35
2230, 0.48
2231, 0.33
2232, 0.88
2233, 0.40
2234, 0.48
2235, 0.40
2236, 0.31
2237, 0.48
2238, 0.35
2239, 0.56
2240, 0.63
2241, 0.48
2242, 0.56
2243, 0.88
2244, 0.15
2245, 0.88
2246, 0.33
2247, 0.15
2248, 0.15
2249, 0.15
2250, 0.88
2251, 0.39
2252, 0.67
2253, 0.56
2254, 0.15
2255, 0.88
2256, 0.15
2257, 0.63
2258, 0.39
2259, 0.15
2260, 0.88
2261, 0.88
2262, 0.64
2263, 0.31
2264, 0.15
2265, 0.15
2266, 0.56
2267, 0.15
2268, 0.88
2269, 0.64
2270, 0.15
2271, 0.48
2272, 0.64
2273, 0.35
2274, 0.15
2275, 0.88
2276, 0.33
2277, 0.56
2278, 0.33
2279, 0.15
2280, 0.64
2281, 0.53
2282, 0.53
2283, 0.56
2284, 0.56
2285, 0.48
2286, 0.70
2287, 0.15
2288, 0.48
2289, 0.64
2290, 0.88
2291, 0.40
2292, 0.88
2293, 0.88
2294, 0.70
2295, 0.88
2296, 0.64
2297, 0.77
2298, 0.40
2299, 0.15
2300, 0.88
2301, 0.31
2302, 0.15
2303, 0.40
2304, 0.53
2305, 0.70
2306, 0.35
2307, 0.64
2308, 0.56
2309, 0.77
2310, 0.40
2311, 0.48
2312, 0.24
2313, 0.40
2314, 0.56
2315, 0.48
2316, 0.88
2317, 0.88
2318, 0.64
2319, 0.40
2320, 0.56
2321, 0.88
2322, 0.15
2323, 0.35
2324, 0.35
2325, 0.35
2326, 0.23
2327, 0.23
2328, 0.40
2329, 0.15
2330, 0.48
2331, 0.35
2332, 0.56
2333, 0.88
2334, 0.56
2335, 0.35
2336, 0.88
2337, 0.56
2338, 0.56
2339, 0.48
2340, 0.48
2341, 0.33
2342, 0.15
2343, 0.88
2344, 0.35
2345, 0.33
2346, 0.56
2347, 0.56
2348, 0.15
2349, 0.35
2350, 0.35
2351, 0.88
2352, 0.63
2353, 0.15
2354, 0.64
2355, 0.56
2356, 0.15
2357, 0.88
2358, 0.35
2359, 0.15
2360, 0.35
2361, 0.88
2362, 0.48
2363, 0.88
2364, 0.56
2365, 0.64
2366, 0.35
2367, 0.15
2368, 0.48
2369, 0.40
2370, 0.48
2371, 0.33
2372, 0.64
2373, 0.48
2374, 0.35
2375, 0.48
2376, 0.64
2377, 0.39
2378, 0.40
2379, 0.56
2380, 0.40
2381, 0.15
2382, 0.56
2383, 0.40
2384, 0.35
2385, 0.88
2386, 0.56
2387, 0.88
2388, 0.35
2389, 0.88
2390, 0.70
2391, 0.33
2392, 0.88
2393, 0.35
2394, 0.15
2395, 0.56
2396, 0.31
2397, 0.63
2398, 0.88
2399, 0.35
2400, 0.56
2401, 0.35
2402, 0.39
2403, 0.35
2404, 0.15
2405, 0.56
2406, 0.56
2407, 0.15
2408, 0.88
2409, 0.15
2410, 0.67
2411, 0.40
2412, 0.88
2413, 0.33
2414, 0.35
2415, 0.56
2416, 0.63
2417, 0.64
2418, 0.48
2419, 0.88
2420, 0.64
2421, 0.88
2422, 0.56
2423, 0.63
2424, 0.88
2425, 0.48
2426, 0.64
2427, 0.70
2428, 0.53
2429, 0.39
2430, 0.39
2431, 0.56
2432, 0.88
2433, 0.88
2434, 0.35
2435, 0.39
2436, 0.15
2437, 0.35
2438, 0.35
2439, 0.35
2440, 0.23
2441, 0.15
2442, 0.53
2443, 0.56
2444, 0.23
2445, 0.35
2446, 0.15
2447, 0.48
2448, 0.63
2449, 0.77
2450, 0.48
2451, 0.40
2452, 0.48
2453, 0.35
2454, 0.35
2455, 0.48
2456, 0.88
2457, 0.64
2458, 0.35
2459, 0.40
2460, 0.88
2461, 0.88
2462, 0.35
2463, 0.88
2464, 0.88
2465, 0.40
2466, 0.23
2467, 0.88
2468, 0.48
2469, 0.15
2470, 0.56
2471, 0.48
2472, 0.15
2473, 0.56
2474, 0.39
2475, 0.33
2476, 0.64
2477, 0.48
2478, 0.15
2479, 0.88
2480, 0.64
2481, 0.48
2482, 0.88
2483, 0.48
2484, 0.64
2485, 0.15
2486, 0.56
2487, 0.56
2488, 0.48
2489, 0.48
2490, 0.63
2491, 0.70
2492, 0.40
2493, 0.38
2494, 0.56
2495, 0.23
2496, 0.63
2497, 0.40
2498, 0.88
2499, 0.35
2500, 0.63
2501, 0.35
2502, 0.15
2503, 0.15
2504, 0.33
2505, 0.64
2506, 0.39
2507, 0.67
2508, 0.35
2509, 0.15
2510, 0.33
2511, 0.35
2512, 0.56
2513, 0.88
2514, 0.88
2515, 0.86
2516, 0.88
2517, 0.15
2518, 0.39
2519, 0.15
2520, 0.48
2521, 0.56
2522, 0.64
2523, 0.48
2524, 0.35
2525, 0.56
2526, 0.15
2527, 0.67
2528, 0.53
2529, 0.64
2530, 0.67
2531, 0.48
2532, 0.56
2533, 0.56
2534, 0.33
2535, 0.15
2536, 0.48
2537, 0.64
2538, 0.48
2539, 0.53
2540, 0.35
2541, 0.88
2542, 0.15
2543, 0.77
2544, 0.63
2545, 0.48
2546, 0.15
2547, 0.48
2548, 0.40
2549, 0.48
2550, 0.88
2551, 0.48
2552, 0.64
2553, 0.88
2554, 0.39
2555, 0.67
2556, 0.15
2557, 0.56
2558, 0.40
2559, 0.56
2560, 0.48
2561, 0.15
2562, 0.88
2563, 0.88
2564, 0.35
2565, 0.39
2566, 0.48
2567, 0.48
2568, 0.70
2569, 0.88
2570, 0.33
2571, 0.15
2572, 0.35
2573, 0.88
2574, 0.48
2575, 0.48
2576, 0.53
2577, 0.15
2578, 0.70
2579, 0.63
2580, 0.48
2581, 0.48
2582, 0.48
2583, 0.38
2584, 0.35
2585, 0.40
2586, 0.38
2587, 0.40
2588, 0.15
2589, 0.35
2590, 0.35
2591, 0.48
2592, 0.88
2593, 0.70
2594, 0.39
2595, 0.64
2596, 0.23
2597, 0.56
2598, 0.35
2599, 0.31
2600, 0.63
2601, 0.56
2602, 0.48
2603, 0.35
2604, 0.40
2605, 0.40
2606, 0.88
2607, 0.48
2608, 0.39
2609, 0.56
2610, 0.15
2611, 0.35
2612, 0.56
2613, 0.64
2614, 0.15
2615, 0.56
2616, 0.56
2617, 0.88
2618, 0.38
2619, 0.15
2620, 0.64
2621, 0.63
2622, 0.88
2623, 0.48
2624, 0.23
2625, 0.53
2626, 0.88
2627, 0.88
2628, 0.64
2629, 0.35
2630, 0.70
2631, 0.40
2632, 0.53
2633, 0.88
2634, 0.53
2635, 0.35
2636, 0.40
2637, 0.15
2638, 0.15
2639, 0.63
2640, 0.48
2641, 0.35
2642, 0.48
2643, 0.48
2644, 0.56
2645, 0.67
2646, 0.15
2647, 0.48
2648, 0.70
2649, 0.70
2650, 0.38
2651, 0.56
2652, 0.39
2653, 0.15
2654, 0.64
2655, 0.56
2656, 0.88
2657, 0.88
2658, 0.56
2659, 0.15
2660, 0.56
2661, 0.48
2662, 0.88
2663, 0.56
2664, 0.35
2665, 0.48
2666, 0.48
2667, 0.56
2668, 0.56
2669, 0.15
2670, 0.40
2671, 0.88
2672, 0.23
2673, 0.64
2674, 0.56
2675, 0.15
2676, 0.40
2677, 0.39
2678, 0.88
2679, 0.48
2680, 0.48
2681, 0.88
2682, 0.64
2683, 0.88
2684, 0.48
2685, 0.15
2686, 0.64
2687, 0.56
2688, 0.35
2689, 0.35
2690, 0.35
2691, 0.53
2692, 0.70
2693, 0.15
2694, 0.39
2695, 0.48
2696, 0.35
2697, 0.48
2698, 0.38
2699, 0.56
2700, 0.63
2701, 0.31
2702, 0.39
2703, 0.63
2704, 0.35
2705, 0.56
2706, 0.88
2707, 0.31
2708, 0.64
2709, 0.64
2710, 0.88
2711, 0.48
2712, 0.88
2713, 0.56
2714, 0.53
2715, 0.15
2716, 0.35
2717, 0.15
2718, 0.53
2719, 0.64
2720, 0.48
2721, 0.88
2722, 0.48
2723, 0.77
2724, 0.56
2725, 0.15
2726, 0.48
2727, 0.48
2728, 0.48
2729, 0.48
2730, 0.39
2731, 0.35
2732, 0.64
2733, 0.15
2734, 0.33
2735, 0.48
2736, 0.70
2737, 0.39
2738, 0.48
2739, 0.31
2740, 0.48
2741, 0.88
2742, 0.88
2743, 0.88
2744, 0.15
2745, 0.33
2746, 0.39
2747, 0.64
2748, 0.56
2749, 0.56
2750, 0.38
2751, 0.39
2752, 0.15
2753, 0.64
2754, 0.88
2755, 0.88
2756, 0.15
2757, 0.38
2758, 0.88
2759, 0.48
2760, 0.48
2761, 0.15
2762, 0.35
2763, 0.35
2764, 0.35
2765, 0.64
2766, 0.56
2767, 0.88
2768, 0.33
2769, 0.67
2770, 0.70
2771, 0.88
2772, 0.35
2773, 0.56
2774, 0.53
2775, 0.15
2776, 0.88
2777, 0.88
2778, 0.53
2779, 0.15
2780, 0.40
2781, 0.64
2782, 0.15
2783, 0.38
2784, 0.88
2785, 0.35
2786, 0.88
2787, 0.77
2788, 0.15
2789, 0.88
2790, 0.35
2791, 0.63
2792, 0.88
2793, 0.40
2794, 0.35
2795, 0.77
2796, 0.53
2797, 0.40
2798, 0.64
2799, 0.56
2800, 0.15
2801, 0.15
2802, 0.33
2803, 0.56
2804, 0.15
2805, 0.88
2806, 0.15
2807, 0.56
2808, 0.56
2809, 0.48
2810, 0.53
2811, 0.15
2812, 0.35
2813, 0.35
2814, 0.48
2815, 0.88
2816, 0.48
2817, 0.15
2818, 0.31
2819, 0.38
2820, 0.88
2821, 0.48
2822, 0.64
2823, 0.15
2824, 0.86
2825, 0.15
2826, 0.88
2827, 0.15
2828, 0.31
2829, 0.39
2830, 0.70
2831, 0.56
2832, 0.63
2833, 0.39
2834, 0.88
2835, 0.48
2836, 0.15
2837, 0.88
2838, 0.39
2839, 0.64
2840, 0.48
2841, 0.15
2842, 0.70
2843, 0.48
2844, 0.40
2845, 0.88
2846, 0.35
2847, 0.35
2848, 0.64
2849, 0.64
2850, 0.39
2851, 0.53
2852, 0.15
2853, 0.64
2854, 0.48
2855, 0.56
2856, 0.15
2857, 0.88
2858, 0.35
2859, 0.48
2860, 0.35
2861, 0.56
2862, 0.48
2863, 0.64
2864, 0.56
2865, 0.53
2866, 0.38
2867, 0.33
2868, 0.64
2869, 0.35
2870, 0.77
2871, 0.15
2872, 0.48
2873, 0.48
2874, 0.33
2875, 0.48
2876, 0.15
2877, 0.35
2878, 0.64
2879, 0.56
2880, 0.88
2881, 0.40
2882, 0.88
2883, 0.88
2884, 0.88
2885, 0.48
2886, 0.48
2887, 0.67
2888, 0.48
2889, 0.56
2890, 0.33
2891, 0.56
2892, 0.53
2893, 0.67
2894, 0.56
2895, 0.56
2896, 0.88
2897, 0.15
2898, 0.88
2899, 0.39
2900, 0.48
2901, 0.35
2902, 0.88
2903, 0.88
2904, 0.15
2905, 0.40
2906, 0.56
2907, 0.67
2908, 0.64
2909, 0.15
2910, 0.88
2911, 0.48
2912, 0.35
2913, 0.38
2914, 0.56
2915, 0.88
2916, 0.64
2917, 0.15
2918, 0.86
2919, 0.35
2920, 0.23
2921, 0.88
2922, 0.48
2923, 0.40
2924, 0.88
2925, 0.63
2926, 0.56
2927, 0.56
2928, 0.48
2929, 0.48
2930, 0.40
2931, 0.48
2932, 0.48
2933, 0.63
2934, 0.40
2935, 0.70
2936, 0.48
2937, 0.40
2938, 0.88
2939, 0.15
2940, 0.64
2941, 0.24
2942, 0.40
2943, 0.77
2944, 0.56
2945, 0.15
2946, 0.64
2947, 0.35
2948, 0.88
2949, 0.88
2950, 0.15
2951, 0.40
2952, 0.56
2953, 0.39
2954, 0.88
2955, 0.39
2956, 0.35
2957, 0.88
2958, 0.35
2959, 0.15
2960, 0.56
2961, 0.33
2962, 0.39
2963, 0.35
2964, 0.67
2965, 0.35
2966, 0.48
2967, 0.48
2968, 0.15
2969, 0.56
2970, 0.15
2971, 0.56
2972, 0.15
2973, 0.88
2974, 0.77
2975, 0.15
2976, 0.64
2977, 0.64
2978, 0.48
2979, 0.15
2980, 0.48
2981, 0.40
2982, 0.40
2983, 0.35
2984, 0.35
2985, 0.64
2986, 0.56
2987, 0.15
2988, 0.40
2989, 0.23
2990, 0.48
2991, 0.56
2992, 0.88
2993, 0.35
2994, 0.63
2995, 0.70
2996, 0.35
2997, 0.64
2998, 0.48
2999, 0.64
3000, 0.15
3001, 0.63
3002, 0.48
3003, 0.88
3004, 0.88
3005, 0.64
3006, 0.35
3007, 0.67
3008, 0.33
3009, 0.31
3010, 0.56
3011, 0.40
3012, 0.56
3013, 0.56
3014, 0.48
3015, 0.48
3016, 0.31
3017, 0.64
3018, 0.48
3019, 0.48
3020, 0.48
3021, 0.64
3022, 0.40
3023, 0.77
3024, 0.56
3025, 0.39
3026, 0.40
3027, 0.48
3028, 0.35
3029, 0.35
3030, 0.35
3031, 0.88
3032, 0.24
3033, 0.53
3034, 0.53
3035, 0.56
3036, 0.38
3037, 0.40
3038, 0.39
3039, 0.64
3040, 0.64
3041, 0.15
3042, 0.23
3043, 0.35
3044, 0.56
3045, 0.64
3046, 0.64
3047, 0.15
3048, 0.40
3049, 0.35
3050, 0.15
3051, 0.56
3052, 0.53
3053, 0.35
3054, 0.15
3055, 0.56
3056, 0.77
3057, 0.35
3058, 0.64
3059, 0.35
3060, 0.48
3061, 0.56
3062, 0.40
3063, 0.35
3064, 0.15
3065, 0.35
3066, 0.63
3067, 0.38
3068, 0.56
3069, 0.48
3070, 0.67
3071, 0.40
3072, 0.64
3073, 0.48
3074, 0.40
3075, 0.23
3076, 0.56
3077, 0.15
3078, 0.53
3079, 0.35
3080, 0.56
3081, 0.88
3082, 0.88
3083, 0.70
3084, 0.33
3085, 0.48
3086, 0.40
3087, 0.48
3088, 0.48
3089, 0.88
3090, 0.35
3091, 0.33
3092, 0.15
3093, 0.48
3094, 0.88
3095, 0.56
3096, 0.35
3097, 0.56
3098, 0.67
3099, 0.39
3100, 0.88
3101, 0.88
3102, 0.15
3103, 0.35
3104, 0.15
3105, 0.31
3106, 0.38
3107, 0.35
3108, 0.56
3109, 0.15
3110, 0.88
3111, 0.35
3112, 0.40
3113, 0.64
3114, 0.15
3115, 0.48
3116, 0.35
3117, 0.63
3118, 0.35
3119, 0.48
3120, 0.56
3121, 0.40
3122, 0.35
3123, 0.56
3124, 0.88
3125, 0.48
3126, 0.48
3127, 0.56
3128, 0.15
3129, 0.40
3130, 0.88
3131, 0.67
3132, 0.56
3133, 0.88
3134, 0.48
3135, 0.64
3136, 0.48
3137, 0.48
3138, 0.38
3139, 0.35
3140, 0.35
3141, 0.48
3142, 0.88
3143, 0.48
3144, 0.64
3145, 0.15
3146, 0.39
3147, 0.40
3148, 0.48
3149, 0.40
3150, 0.40
3151, 0.48
3152, 0.56
3153, 0.35
3154, 0.88
3155, 0.35
3156, 0.48
3157, 0.67
3158, 0.48
3159, 0.88
3160, 0.88
3161, 0.31
3162, 0.64
3163, 0.88
3164, 0.88
3165, 0.40
3166, 0.67
3167, 0.15
3168, 0.64
3169, 0.64
3170, 0.67
3171, 0.88
3172, 0.56
3173, 0.88
3174, 0.64
3175, 0.56
3176, 0.53
3177, 0.35
3178, 0.35
3179, 0.15
3180, 0.15
3181, 0.48
3182, 0.56
3183, 0.48
3184, 0.48
3185, 0.35
3186, 0.15
3187, 0.48
3188, 0.35
3189, 0.35
3190, 0.33
3191, 0.88
3192, 0.48
3193, 0.40
3194, 0.88
3195, 0.15
3196, 0.67
3197, 0.67
3198, 0.56
3199, 0.40
3200, 0.53
3201, 0.56
3202, 0.56
3203, 0.48
3204, 0.88
3205, 0.39
3206, 0.39
3207, 0.88
3208, 0.53
3209, 0.56
3210, 0.35
3211, 0.88
3212, 0.88
3213, 0.15
3214, 0.35
3215, 0.88
3216, 0.15
3217, 0.39
3218, 0.64
3219, 0.48
3220, 0.56
3221, 0.23
3222, 0.88
3223, 0.56
3224, 0.35
3225, 0.48
3226, 0.53
3227, 0.39
3228, 0.56
3229, 0.48
3230, 0.35
3231, 0.33
3232, 0.88
3233, 0.48
3234, 0.39
3235, 0.15
3236, 0.56
3237, 0.53
3238, 0.64
3239, 0.64
3240, 0.23
3241, 0.40
3242, 0.40
3243, 0.35
3244, 0.31
3245, 0.48
3246, 0.39
3247, 0.88
3248, 0.40
3249, 0.56
3250, 0.15
3251, 0.56
3252, 0.88
3253, 0.56
3254, 0.88
3255, 0.56
3256, 0.35
3257, 0.48
3258, 0.88
3259, 0.48
3260, 0.15
3261, 0.15
3262, 0.35
3263, 0.64
3264, 0.53
3265, 0.56
3266, 0.56
3267, 0.15
3268, 0.38
3269, 0.64
3270, 0.67
3271, 0.56
3272, 0.35
3273, 0.56
3274, 0.88
3275, 0.88
3276, 0.15
3277, 0.48
3278, 0.53
3279, 0.88
3280, 0.64
3281, 0.33
3282, 0.64
3283, 0.15
3284, 0.48
3285, 0.33
3286, 0.88
3287, 0.33
3288, 0.56
3289, 0.35
3290, 0.15
3291, 0.88
3292, 0.88
3293, 0.53
3294, 0.40
3295, 0.15
3296, 0.33
3297, 0.40
3298, 0.56
3299, 0.39
3300, 0.33
3301, 0.63
3302, 0.56
3303, 0.35
3304, 0.39
3305, 0.15
3306, 0.31
3307, 0.48
3308, 0.48
3309, 0.63
3310, 0.88
3311, 0.48
3312, 0.56
3313, 0.88
3314, 0.64
3315, 0.15
3316, 0.35
3317, 0.33
3318, 0.64
3319, 0.35
3320, 0.88
3321, 0.48
3322, 0.33
3323, 0.56
3324, 0.39
3325, 0.31
3326, 0.40
3327, 0.15
3328, 0.56
3329, 0.15
3330, 0.48
3331, 0.48
3332, 0.56
3333, 0.56
3334, 0.56
3335, 0.88
3336, 0.15
3337, 0.35
3338, 0.15
3339, 0.64
3340, 0.88
3341, 0.64
3342, 0.88
3343, 0.15
3344, 0.56
3345, 0.64
3346, 0.56
3347, 0.33
3348, 0.35
3349, 0.67
3350, 0.31
3351, 0.48
3352, 0.15
3353, 0.31
3354, 0.48
3355, 0.15
3356, 0.77
3357, 0.77
3358, 0.15
3359, 0.33
3360, 0.56
3361, 0.88
3362, 0.35
3363, 0.56
3364, 0.86
3365, 0.48
3366, 0.39
3367, 0.40
3368, 0.23
3369, 0.53
3370, 0.38
3371, 0.15
3372, 0.33
3373, 0.48
3374, 0.64
3375, 0.48
3376, 0.23
3377, 0.88
3378, 0.35
3379, 0.39
3380, 0.15
3381, 0.15
3382, 0.15
3383, 0.33
3384, 0.15
3385, 0.35
3386, 0.88
3387, 0.53
3388, 0.56
3389, 0.48
3390, 0.64
3391, 0.33
3392, 0.67
3393, 0.15
3394, 0.70
3395, 0.40
3396, 0.88
3397, 0.48
3398, 0.35
3399, 0.56
3400, 0.88
3401, 0.35
3402, 0.53
3403, 0.48
3404, 0.33
3405, 0.40
3406, 0.48
3407, 0.15
3408, 0.23
3409, 0.15
3410, 0.48
3411, 0.35
3412, 0.88
3413, 0.64
3414, 0.88
3415, 0.48
3416, 0.15
3417, 0.88
3418, 0.39
3419, 0.15
3420, 0.15
3421, 0.15
3422, 0.64
3423, 0.15
3424, 0.35
3425, 0.88
3426, 0.56
3427, 0.38
3428, 0.48
3429, 0.64
3430, 0.56
3431, 0.88
3432, 0.15
3433, 0.48
3434, 0.31
3435, 0.56
3436, 0.48
3437, 0.88
3438, 0.15
3439, 0.15
3440, 0.15
3441, 0.24
3442, 0.15
3443, 0.31
3444, 0.33
3445, 0.48
3446, 0.77
3447, 0.64
3448, 0.53
3449, 0.88
3450, 0.15
3451, 0.70
3452, 0.48
3453, 0.56
3454, 0.88
3455, 0.15
3456, 0.15
3457, 0.88
3458, 0.48
3459, 0.35
3460, 0.56
3461, 0.15
3462, 0.88
3463, 0.88
3464, 0.15
3465, 0.15
3466, 0.56
3467, 0.35
3468, 0.15
3469, 0.56
3470, 0.15
3471, 0.56
3472, 0.56
3473, 0.40
3474, 0.38
3475, 0.64
3476, 0.56
3477, 0.40
3478, 0.48
3479, 0.56
3480, 0.38
3481, 0.35
3482, 0.35
3483, 0.67
3484, 0.15
3485, 0.88
3486, 0.56
3487, 0.48
3488, 0.40
3489, 0.48
3490, 0.64
3491, 0.40
3492, 0.88
3493, 0.40
3494, 0.56
3495, 0.40
3496, 0.15
3497, 0.35
3498, 0.33
3499, 0.70
3500, 0.15
3501, 0.40
3502, 0.39
3503, 0.35
3504, 0.15
3505, 0.56
3506, 0.15
3507, 0.56
3508, 0.56
3509, 0.56
3510, 0.48
3511, 0.48
3512, 0.35
3513, 0.56
3514, 0.56
3515, 0.23
3516, 0.88
3517, 0.39
3518, 0.15
3519, 0.40
3520, 0.56
3521, 0.56
3522, 0.15
3523, 0.39
3524, 0.56
3525, 0.88
3526, 0.56
3527, 0.56
3528, 0.88
3529, 0.35
3530, 0.56
3531, 0.33
3532, 0.40
3533, 0.56
3534, 0.56
3535, 0.56
3536, 0.31
3537, 0.56
3538, 0.48
3539, 0.35
3540, 0.48
3541, 0.88
3542, 0.15
3543, 0.38
3544, 0.15
3545, 0.56
3546, 0.39
3547, 0.70
3548, 0.35
3549, 0.70
3550, 0.33
3551, 0.48
3552, 0.48
3553, 0.48
3554, 0.88
3555, 0.40
3556, 0.48
3557, 0.15
3558, 0.35
3559, 0.48
3560, 0.15
3561, 0.88
3562, 0.64
3563, 0.15
3564, 0.15
3565, 0.15
3566, 0.48
3567, 0.48
3568, 0.15
3569, 0.88
3570, 0.39
3571, 0.64
3572, 0.15
3573, 0.67
3574, 0.88
3575, 0.35
3576, 0.33
3577, 0.23
3578, 0.48
3579, 0.15
3580, 0.24
3581, 0.64
3582, 0.35
3583, 0.64
3584, 0.56
3585, 0.88
3586, 0.88
3587, 0.15
3588, 0.86
3589, 0.67
3590, 0.31
3591, 0.63
3592, 0.56
3593, 0.40
3594, 0.15
3595, 0.88
3596, 0.15
3597, 0.15
3598, 0.48
3599, 0.48
3600, 0.15
3601, 0.31
3602, 0.15
3603, 0.88
3604, 0.35
3605, 0.35
3606, 0.48
3607, 0.15
3608, 0.35
3609, 0.67
3610, 0.15
3611, 0.48
3612, 0.56
3613, 0.35
3614, 0.48
3615, 0.15
3616, 0.88
3617, 0.40
3618, 0.64
3619, 0.15
3620, 0.39
3621, 0.15
3622, 0.56
3623, 0.88
3624, 0.48
3625, 0.88
3626, 0.40
3627, 0.88
3628, 0.31
3629, 0.39
3630, 0.56
3631, 0.88
3632, 0.48
3633, 0.15
3634, 0.48
3635, 0.56
3636, 0.56
3637, 0.39
3638, 0.56
3639, 0.40
3640, 0.48
3641, 0.77
3642, 0.56
3643, 0.88
3644, 0.88
3645, 0.31
3646, 0.88
3647, 0.53
3648, 0.40
3649, 0.56
3650, 0.15
3651, 0.35
3652, 0.56
3653, 0.88
3654, 0.70
3655, 0.88
3656, 0.15
3657, 0.15
3658, 0.77
3659, 0.56
3660, 0.88
3661, 0.77
3662, 0.35
3663, 0.53
3664, 0.40
3665, 0.70
3666, 0.88
3667, 0.56
3668, 0.63
3669, 0.56
3670, 0.23
3671, 0.56
3672, 0.39
3673, 0.48
3674, 0.48
3675, 0.64
3676, 0.15
3677, 0.39
3678, 0.56
3679, 0.64
3680, 0.56
3681, 0.77
3682, 0.15
3683, 0.39
3684, 0.64
3685, 0.64
3686, 0.33
3687, 0.35
3688, 0.53
3689, 0.48
3690, 0.15
3691, 0.15
3692, 0.48
3693, 0.35
3694, 0.88
3695, 0.35
3696, 0.56
3697, 0.56
3698, 0.53
3699, 0.15
3700, 0.88
3701, 0.33
3702, 0.63
3703, 0.35
3704, 0.48
3705, 0.88
3706, 0.56
3707, 0.56
3708, 0.48
3709, 0.63
3710, 0.15
3711, 0.67
3712, 0.35
3713, 0.56
3714, 0.48
3715, 0.48
3716, 0.33
3717, 0.88
3718, 0.15
3719, 0.39
3720, 0.15
3721, 0.88
3722, 0.38
3723, 0.48
3724, 0.64
3725, 0.40
3726, 0.15
3727, 0.88
3728, 0.56
3729, 0.48
3730, 0.35
3731, 0.39
3732, 0.56
3733, 0.39
3734, 0.88
3735, 0.35
3736, 0.56
3737, 0.56
3738, 0.63
3739, 0.56
3740, 0.77
3741, 0.70
3742, 0.31
3743, 0.63
3744, 0.40
3745, 0.88
3746, 0.48
3747, 0.88
3748, 0.40
3749, 0.63
3750, 0.77
3751, 0.33
3752, 0.56
3753, 0.56
3754, 0.88
3755, 0.48
3756, 0.35
3757, 0.40
3758, 0.88
3759, 0.35
3760, 0.15
3761, 0.15
3762, 0.88
3763, 0.88
3764, 0.15
3765, 0.56
3766, 0.48
3767, 0.35
3768, 0.35
3769, 0.88
3770, 0.40
3771, 0.40
3772, 0.53
3773, 0.48
3774, 0.56
3775, 0.56
3776, 0.39
3777, 0.15
3778, 0.35
3779, 0.56
3780, 0.40
3781, 0.64
3782, 0.64
3783, 0.38
3784, 0.35
3785, 0.56
3786, 0.88
3787, 0.56
3788, 0.48
3789, 0.33
3790, 0.48
3791, 0.63
3792, 0.35
3793, 0.56
3794, 0.35
3795, 0.48
3796, 0.56
3797, 0.56
3798, 0.88
3799, 0.35
3800, 0.88
3801, 0.15
3802, 0.39
3803, 0.88
3804, 0.56
3805, 0.35
3806, 0.48
3807, 0.56
3808, 0.56
3809, 0.77
3810, 0.15
3811, 0.40
3812, 0.15
3813, 0.40
3814, 0.38
3815, 0.88
3816, 0.15
3817, 0.15
3818, 0.15
3819, 0.48
3820, 0.48
3821, 0.40
3822, 0.39
3823, 0.56
3824, 0.33
3825, 0.15
3826, 0.35
3827, 0.35
3828, 0.88
3829, 0.35
3830, 0.35
3831, 0.56
3832, 0.15
3833, 0.88
3834, 0.64
3835, 0.15
3836, 0.88
3837, 0.48
3838, 0.15
3839, 0.35
3840, 0.15
3841, 0.15
3842, 0.38
3843, 0.88
3844, 0.15
3845, 0.23
3846, 0.33
3847, 0.67
3848, 0.56
3849, 0.64
3850, 0.64
3851, 0.35
3852, 0.56
3853, 0.35
3854, 0.48
3855, 0.88
3856, 0.53
3857, 0.88
3858, 0.64
3859, 0.56
3860, 0.56
3861, 0.88
3862, 0.15
3863, 0.64
3864, 0.15
3865, 0.48
3866, 0.39
3867, 0.56
3868, 0.15
3869, 0.39
3870, 0.63
3871, 0.33
3872, 0.35
3873, 0.88
3874, 0.48
3875, 0.88
3876, 0.48
3877, 0.48
3878, 0.48
3879, 0.48
3880, 0.56
3881, 0.35
3882, 0.48
3883, 0.35
3884, 0.48
3885, 0.35
3886, 0.15
3887, 0.15
3888, 0.56
3889, 0.39
3890, 0.64
3891, 0.56
3892, 0.15
3893, 0.15
3894, 0.35
3895, 0.53
3896, 0.33
3897, 0.53
3898, 0.56
3899, 0.35
3900, 0.48
3901, 0.56
3902, 0.48
3903, 0.35
3904, 0.88
3905, 0.56
3906, 0.35
3907, 0.56
3908, 0.88
3909, 0.38
3910, 0.39
3911, 0.31
3912, 0.35
3913, 0.48
3914, 0.24
3915, 0.56
3916, 0.15
3917, 0.39
3918, 0.38
3919, 0.39
3920, 0.56
3921, 0.39
3922, 0.56
3923, 0.63
3924, 0.88
3925, 0.35
3926, 0.35
3927, 0.40
3928, 0.88
3929, 0.88
3930, 0.35
3931, 0.48
3932, 0.64
3933, 0.35
3934, 0.33
3935, 0.64
3936, 0.56
3937, 0.15
3938, 0.35
3939, 0.39
3940, 0.88
3941, 0.56
3942, 0.15
3943, 0.35
3944, 0.88
3945, 0.39
3946, 0.35
3947, 0.39
3948, 0.15
3949, 0.88
3950, 0.56
3951, 0.53
3952, 0.88
3953, 0.24
3954, 0.64
3955, 0.15
3956, 0.40
3957, 0.48
3958, 0.48
3959, 0.88
3960, 0.15
3961, 0.67
3962, 0.48
3963, 0.56
3964, 0.88
3965, 0.88
3966, 0.35
3967, 0.40
3968, 0.56
3969, 0.56
3970, 0.38
3971, 0.35
3972, 0.64
3973, 0.40
3974, 0.40
3975, 0.39
3976, 0.56
3977, 0.77
3978, 0.88
3979, 0.40
3980, 0.35
3981, 0.70
3982, 0.63
3983, 0.88
3984, 0.56
3985, 0.64
3986, 0.35
3987, 0.15
3988, 0.88
3989, 0.48
3990, 0.67
3991, 0.39
3992, 0.48
3993, 0.39
3994, 0.70
3995, 0.23
3996, 0.15
3997, 0.56
3998, 0.56
3999, 0.35
4000, 0.56
4001, 0.35
4002, 0.77
4003, 0.88
4004, 0.86
4005, 0.67
4006, 0.15
4007, 0.56
4008, 0.39
4009, 0.77
4010, 0.35
4011, 0.88
4012, 0.31
4013, 0.48
4014, 0.23
4015, 0.53
4016, 0.15
4017, 0.15
4018, 0.40
4019, 0.48
4020, 0.40
4021, 0.40
4022, 0.64
4023, 0.64
4024, 0.70
4025, 0.77
4026, 0.38
4027, 0.56
4028, 0.64
4029, 0.88
4030, 0.48
4031, 0.15
4032, 0.63
4033, 0.48
4034, 0.35
4035, 0.35
4036, 0.53
4037, 0.39
4038, 0.56
4039, 0.88
4040, 0.64
4041, 0.64
4042, 0.48
4043, 0.48
4044, 0.38
4045, 0.35
4046, 0.88
4047, 0.48
4048, 0.48
4049, 0.70
4050, 0.48
4051, 0.35
4052, 0.40
4053, 0.23
4054, 0.53
4055, 0.35
4056, 0.53
4057, 0.64
4058, 0.88
4059, 0.40
4060, 0.56
4061, 0.15
4062, 0.35
4063, 0.23
4064, 0.48
4065, 0.56
4066, 0.88
4067, 0.53
4068, 0.88
4069, 0.64
4070, 0.15
4071, 0.88
4072, 0.39
4073, 0.88
4074, 0.38
4075, 0.67
4076, 0.56
4077, 0.63
4078, 0.88
4079, 0.67
4080, 0.48
4081, 0.56
4082, 0.77
4083, 0.67
4084, 0.56
4085, 0.56
4086, 0.39
4087, 0.88
4088, 0.31
4089, 0.48
4090, 0.88
4091, 0.88
4092, 0.88
4093, 0.64
4094, 0.38
4095, 0.35
4096, 0.56
4097, 0.35
4098, 0.15
4099, 0.35
4100, 0.15
4101, 0.15
4102, 0.56
4103, 0.35
4104, 0.15
4105, 0.35
4106, 0.77
4107, 0.35
4108, 0.88
4109, 0.15
4110, 0.88
4111, 0.88
4112, 0.88
4113, 0.33
4114, 0.48
4115, 0.53
4116, 0.33
4117, 0.56
4118, 0.35
4119, 0.40
4120, 0.56
4121, 0.56
4122, 0.35
4123, 0.15
4124, 0.64
4125, 0.40
4126, 0.35
4127, 0.15
4128, 0.48
4129, 0.64
4130, 0.77
4131, 0.48
4132, 0.56
4133, 0.88
4134, 0.33
4135, 0.48
4136, 0.48
4137, 0.53
4138, 0.64
4139, 0.48
4140, 0.35
4141, 0.88
4142, 0.15
4143, 0.39
4144, 0.15
4145, 0.56
4146, 0.88
4147, 0.48
4148, 0.15
4149, 0.15
4150, 0.63
4151, 0.56
4152, 0.40
4153, 0.35
4154, 0.56
4155, 0.88
4156, 0.31
4157, 0.64
4158, 0.56
4159, 0.33
4160, 0.35
4161, 0.15
4162, 0.15
4163, 0.63
4164, 0.48
4165, 0.88
4166, 0.64
4167, 0.33
4168, 0.48
4169, 0.48
4170, 0.56
4171, 0.33
4172, 0.48
4173, 0.48
4174, 0.15
4175, 0.15
4176, 0.88
4177, 0.88
4178, 0.56
4179, 0.88
4180, 0.64
4181, 0.35
4182, 0.67
4183, 0.39
4184, 0.40
4185, 0.39
4186, 0.48
4187, 0.48
4188, 0.88
4189, 0.33
4190, 0.39
4191, 0.64
4192, 0.38
4193, 0.88
4194, 0.64
4195, 0.40
4196, 0.56
4197, 0.40
4198, 0.33
4199, 0.33
4200, 0.48
4201, 0.15
4202, 0.67
4203, 0.56
4204, 0.40
4205, 0.15
4206, 0.48
4207, 0.15
4208, 0.64
4209, 0.15
4210, 0.35
4211, 0.40
4212, 0.23
4213, 0.88
4214, 0.15
4215, 0.88
4216, 0.88
4217, 0.15
4218, 0.56
4219, 0.88
4220, 0.35
4221, 0.38
4222, 0.48
4223, 0.15
4224, 0.35
4225, 0.48
4226, 0.15
4227, 0.35
4228, 0.56
4229, 0.38
4230, 0.53
4231, 0.56
4232, 0.88
4233, 0.48
4234, 0.39
4235, 0.39
4236, 0.48
4237, 0.64
4238, 0.56
4239, 0.88
4240, 0.48
4241, 0.56
4242, 0.88
4243, 0.48
4244, 0.56
4245, 0.48
4246, 0.15
4247, 0.88
4248, 0.64
4249, 0.53
4250, 0.15
4251, 0.67
4252, 0.88
4253, 0.39
4254, 0.64
4255, 0.53
4256, 0.64
4257, 0.15
4258, 0.48
4259, 0.40
4260, 0.88
4261, 0.88
4262, 0.48
4263, 0.35
4264, 0.35
4265, 0.40
4266, 0.88
4267, 0.40
4268, 0.88
4269, 0.48
4270, 0.56
4271, 0.15
4272, 0.15
4273, 0.56
4274, 0.56
4275, 0.63
4276, 0.53
4277, 0.15
4278, 0.35
4279, 0.48
4280, 0.35
4281, 0.35
4282, 0.88
4283, 0.56
4284, 0.48
4285, 0.88
4286, 0.56
4287, 0.56
4288, 0.56
4289, 0.56
4290, 0.35
4291, 0.35
4292, 0.56
4293, 0.48
4294, 0.56
4295, 0.67
4296, 0.64
4297, 0.56
4298, 0.15
4299, 0.86
4300, 0.35
4301, 0.56
4302, 0.35
4303, 0.77
4304, 0.63
4305, 0.88
4306, 0.64
4307, 0.56
4308, 0.15
4309, 0.35
4310, 0.40
4311, 0.39
4312, 0.33
4313, 0.33
4314, 0.40
4315, 0.56
4316, 0.56
4317, 0.15
4318, 0.35
4319, 0.15
4320, 0.64
4321, 0.88
4322, 0.38
4323, 0.88
4324, 0.40
4325, 0.48
4326, 0.35
4327, 0.48
4328, 0.70
4329, 0.64
4330, 0.33
4331, 0.15
4332, 0.88
4333, 0.88
4334, 0.48
4335, 0.77
4336, 0.56
4337, 0.15
4338, 0.64
4339, 0.88
4340, 0.88
4341, 0.53
4342, 0.56
4343, 0.35
4344, 0.40
4345, 0.56
4346, 0.39
4347, 0.23
4348, 0.23
4349, 0.40
4350, 0.35
4351, 0.48
4352, 0.15
4353, 0.88
4354, 0.35
4355, 0.56
4356, 0.35
4357, 0.56
4358, 0.77
4359, 0.48
4360, 0.77
4361, 0.48
4362, 0.56
4363, 0.88
4364, 0.33
4365, 0.88
4366, 0.35
4367, 0.88
4368, 0.88
4369, 0.56
4370, 0.48
4371, 0.35
4372, 0.38
4373, 0.15
4374, 0.56
4375, 0.35
4376, 0.35
4377, 0.40
4378, 0.15
4379, 0.35
4380, 0.64
4381, 0.56
4382, 0.48
4383, 0.88
4384, 0.40
4385, 0.48
4386, 0.48
4387, 0.64
4388, 0.88
4389, 0.77
4390, 0.15
4391, 0.23
4392, 0.39
4393, 0.15
4394, 0.88
4395, 0.63
4396, 0.53
4397, 0.48
4398, 0.35
4399, 0.40
4400, 0.88
4401, 0.35
4402, 0.40
4403, 0.35
4404, 0.48
4405, 0.48
4406, 0.23
4407, 0.15
4408, 0.88
4409, 0.15
4410, 0.56
4411, 0.64
4412, 0.70
4413, 0.77
4414, 0.23
4415, 0.15
4416, 0.56
4417, 0.53
4418, 0.15
4419, 0.63
4420, 0.48
4421, 0.15
4422, 0.39
4423, 0.48
4424, 0.88
4425, 0.56
4426, 0.33
4427, 0.40
4428, 0.15
4429, 0.64
4430, 0.39
4431, 0.35
4432, 0.64
4433, 0.33
4434, 0.48
4435, 0.67
4436, 0.64
4437, 0.48
4438, 0.38
4439, 0.88
4440, 0.88
4441, 0.48
4442, 0.63
4443, 0.33
4444, 0.15
4445, 0.33
4446, 0.48
4447, 0.88
4448, 0.56
4449, 0.48
4450, 0.48
4451, 0.63
4452, 0.64
4453, 0.56
4454, 0.40
4455, 0.35
4456, 0.35
4457, 0.48
4458, 0.88
4459, 0.56
4460, 0.35
4461, 0.70
4462, 0.15
4463, 0.15
4464, 0.15
4465, 0.48
4466, 0.35
4467, 0.35
4468, 0.63
4469, 0.88
4470, 0.88
4471, 0.15
4472, 0.35
4473, 0.39
4474, 0.23
4475, 0.38
4476, 0.88
4477, 0.35
4478, 0.88
4479, 0.40
4480, 0.56
4481, 0.64
4482, 0.35
4483, 0.70
4484, 0.40
4485, 0.15
4486, 0.38
4487, 0.56
4488, 0.56
4489, 0.33
4490, 0.15
4491, 0.38
4492, 0.48
4493, 0.38
4494, 0.35
4495, 0.88
4496, 0.53
4497, 0.33
4498, 0.88
4499, 0.15
4500, 0.15
4501, 0.88
4502, 0.88
4503, 0.48
4504, 0.64
4505, 0.64
4506, 0.35
4507, 0.53
4508, 0.48
4509, 0.39
4510, 0.56
4511, 0.48
4512, 0.64
4513, 0.40
4514, 0.88
4515, 0.63
4516, 0.56
4517, 0.64
4518, 0.70
4519, 0.35
4520, 0.35
4521, 0.15
4522, 0.48
4523, 0.88
4524, 0.40
4525, 0.15
4526, 0.15
4527, 0.88
4528, 0.56
4529, 0.56
4530, 0.35
4531, 0.63
4532, 0.56
4533, 0.35
4534, 0.88
4535, 0.53
4536, 0.40
4537, 0.88
4538, 0.33
4539, 0.15
4540, 0.48
4541, 0.56
4542, 0.15
4543, 0.77
4544, 0.33
4545, 0.88
4546, 0.39
4547, 0.39
4548, 0.67
4549, 0.48
4550, 0.56
4551, 0.35
4552, 0.35
4553, 0.88
4554, 0.56
4555, 0.48
4556, 0.56
4557, 0.63
4558, 0.53
4559, 0.48
4560, 0.35
4561, 0.56
4562, 0.53
4563, 0.88
4564, 0.88
4565, 0.70
4566, 0.40
4567, 0.38
4568, 0.77
4569, 0.88
4570, 0.15
4571, 0.48
4572, 0.56
4573, 0.56
4574, 0.33
4575, 0.88
4576, 0.88
4577, 0.35
4578, 0.35
4579, 0.63
4580, 0.15
4581, 0.88
4582, 0.88
4583, 0.56
4584, 0.35
4585, 0.88
4586, 0.35
4587, 0.88
4588, 0.88
4589, 0.56
4590, 0.15
4591, 0.33
4592, 0.64
4593, 0.35
4594, 0.40
4595, 0.88
4596, 0.48
4597, 0.33
4598, 0.56
4599, 0.33
4600, 0.39
4601, 0.15
4602, 0.40
4603, 0.56
4604, 0.40
4605, 0.35
4606, 0.35
4607, 0.15
4608, 0.31
4609, 0.33
4610, 0.15
4611, 0.56
4612, 0.56
4613, 0.15
4614, 0.56
4615, 0.15
4616, 0.40
4617, 0.88
4618, 0.88
4619, 0.15
4620, 0.53
4621, 0.56
4622, 0.88
4623, 0.88
4624, 0.48
4625, 0.56
4626, 0.88
4627, 0.15
4628, 0.15
4629, 0.88
4630, 0.56
4631, 0.35
4632, 0.48
4633, 0.48
4634, 0.56
4635, 0.48
4636, 0.88
4637, 0.64
4638, 0.56
4639, 0.88
4640, 0.88
4641, 0.35
4642, 0.15
4643, 0.64
4644, 0.48
4645, 0.15
4646, 0.39
4647, 0.33
4648, 0.64
4649, 0.77
4650, 0.15
4651, 0.56
4652, 0.35
4653, 0.48
4654, 0.64
4655, 0.35
4656, 0.88
4657, 0.35
4658, 0.33
4659, 0.15
4660, 0.35
4661, 0.38
4662, 0.64
4663, 0.15
4664, 0.88
4665, 0.48
4666, 0.56
4667, 0.88
4668, 0.35
4669, 0.64
4670, 0.40
4671, 0.40
4672, 0.88
4673, 0.15
4674, 0.88
4675, 0.35
4676, 0.15
4677, 0.38
4678, 0.15
4679, 0.15
4680, 0.35
4681, 0.88
4682, 0.88
4683, 0.88
4684, 0.88
4685, 0.88
4686, 0.15
4687, 0.35
4688, 0.15
4689, 0.56
4690, 0.88
4691, 0.39
4692, 0.56
4693, 0.64
4694, 0.35
4695, 0.48
4696, 0.15
4697, 0.39
4698, 0.15
4699, 0.56
4700, 0.64
4701, 0.88
4702, 0.48
4703, 0.56
4704, 0.15
4705, 0.39
4706, 0.35
4707, 0.64
4708, 0.88
4709, 0.88
4710, 0.39
4711, 0.40
4712, 0.15
4713, 0.56
4714, 0.35
4715, 0.35
4716, 0.64
4717, 0.56
4718, 0.88
4719, 0.88
4720, 0.40
4721, 0.67
4722, 0.48
4723, 0.56
4724, 0.40
4725, 0.15
4726, 0.31
4727, 0.48
4728, 0.56
4729, 0.39
4730, 0.56
4731, 0.39
4732, 0.48
4733, 0.48
4734, 0.56
4735, 0.48
4736, 0.35
4737, 0.39
4738, 0.64
4739, 0.56
4740, 0.35
4741, 0.48
4742, 0.48
4743, 0.88
4744, 0.64
4745, 0.48
4746, 0.64
4747, 0.64
4748, 0.48
4749, 0.88
4750, 0.48
4751, 0.56
4752, 0.39
4753, 0.35
4754, 0.64
4755, 0.88
4756, 0.35
4757, 0.56
4758, 0.88
4759, 0.48
4760, 0.53
4761, 0.48
4762, 0.88
4763, 0.15
4764, 0.15
4765, 0.39
4766, 0.23
4767, 0.40
4768, 0.56
4769, 0.53
4770, 0.48
4771, 0.88
4772, 0.35
4773, 0.56
4774, 0.56
4775, 0.48
4776, 0.56
4777, 0.35
4778, 0.77
4779, 0.48
4780, 0.48
4781, 0.88
4782, 0.39
4783, 0.88
4784, 0.88
4785, 0.88
4786, 0.88
4787, 0.88
4788, 0.35
4789, 0.56
4790, 0.56
4791, 0.56
4792, 0.48
4793, 0.39
4794, 0.15
4795, 0.88
4796, 0.88
4797, 0.56
4798, 0.48
4799, 0.40
4800, 0.35
4801, 0.56
4802, 0.15
4803, 0.35
4804, 0.63
4805, 0.63
4806, 0.48
4807, 0.35
4808, 0.48
4809, 0.48
4810, 0.77
4811, 0.33
4812, 0.35
4813, 0.31
4814, 0.15
4815, 0.33
4816, 0.33
4817, 0.70
4818, 0.39
4819, 0.48
4820, 0.88
4821, 0.35
4822, 0.15
4823, 0.23
4824, 0.56
4825, 0.15
4826, 0.56
4827, 0.35
4828, 0.35
4829, 0.88
4830, 0.56
4831, 0.35
4832, 0.15
4833, 0.88
4834, 0.35
4835, 0.48
4836, 0.88
4837, 0.15
4838, 0.40
4839, 0.15
4840, 0.63
4841, 0.56
4842, 0.15
4843, 0.56
4844, 0.56
4845, 0.53
4846, 0.88
4847, 0.39
4848, 0.88
4849, 0.33
4850, 0.64
4851, 0.15
4852, 0.64
4853, 0.40
4854, 0.15
4855, 0.40
4856, 0.15
4857, 0.56
4858, 0.48
4859, 0.35
4860, 0.64
4861, 0.15
4862, 0.56
4863, 0.31
4864, 0.88
4865, 0.15
4866, 0.88
4867, 0.56
4868, 0.15
4869, 0.48
4870, 0.56
4871, 0.88
4872, 0.56
4873, 0.64
4874, 0.40
4875, 0.40
4876, 0.67
4877, 0.88
4878, 0.48
4879, 0.35
4880, 0.88
4881, 0.48
4882, 0.88
4883, 0.88
4884, 0.35
4885, 0.31
4886, 0.77
4887, 0.56
4888, 0.35
4889, 0.38
4890, 0.35
4891, 0.53
4892, 0.15
4893, 0.15
4894, 0.15
4895, 0.40
4896, 0.35
4897, 0.56
4898, 0.15
4899, 0.35
4900, 0.77
4901, 0.35
4902, 0.67
4903, 0.35
4904, 0.39
4905, 0.39
4906, 0.88
4907, 0.77
4908, 0.15
4909, 0.56
4910, 0.48
4911, 0.56
4912, 0.88
4913, 0.35
4914, 0.40
4915, 0.88
4916, 0.88
4917, 0.63
4918, 0.48
4919, 0.31
4920, 0.31
4921, 0.40
4922, 0.15
4923, 0.88
4924, 0.48
4925, 0.48
4926, 0.35
4927, 0.88
4928, 0.64
4929, 0.88
4930, 0.88
4931, 0.39
4932, 0.33
4933, 0.64
4934, 0.40
4935, 0.33
4936, 0.35
4937, 0.64
4938, 0.48
4939, 0.88
4940, 0.77
4941, 0.53
4942, 0.40
4943, 0.48
4944, 0.88
4945, 0.33
4946, 0.88
4947, 0.67
4948, 0.15
4949, 0.39
4950, 0.56
4951, 0.48
4952, 0.56
4953, 0.48
4954, 0.15
4955, 0.38
4956, 0.64
4957, 0.35
4958, 0.40
4959, 0.56
4960, 0.40
4961, 0.88
4962, 0.40
4963, 0.31
4964, 0.70
4965, 0.64
4966, 0.48
4967, 0.48
4968, 0.56
4969, 0.88
4970, 0.35
4971, 0.56
4972, 0.33
4973, 0.35
4974, 0.40
4975, 0.70
4976, 0.40
4977, 0.48
4978, 0.35
4979, 0.39
4980, 0.56
4981, 0.35
4982, 0.48
4983, 0.64
4984, 0.56
4985, 0.48
4986, 0.70
4987, 0.56
4988, 0.88
4989, 0.48
4990, 0.15
4991, 0.88
4992, 0.15
4993, 0.64
4994, 0.40
4995, 0.35
4996, 0.35
4997, 0.15
4998, 0.35
4999, 0.48
5000, 0.88
5001, 0.15
5002, 0.48
5003, 0.67
5004, 0.15
5005, 0.40
5006, 0.86
5007, 0.35
5008, 0.35
5009, 0.35
5010, 0.56
5011, 0.15
5012, 0.39
5013, 0.48
5014, 0.88
5015, 0.35
5016, 0.48
5017, 0.56
5018, 0.88
5019, 0.56
5020, 0.88
5021, 0.15
5022, 0.88
5023, 0.88
5024, 0.64
5025, 0.38
5026, 0.56
5027, 0.64
5028, 0.35
5029, 0.15
5030, 0.35
5031, 0.39
5032, 0.38
5033, 0.64
5034, 0.15
5035, 0.39
5036, 0.40
5037, 0.35
5038, 0.56
5039, 0.35
5040, 0.56
5041, 0.39
5042, 0.88
5043, 0.15
5044, 0.56
5045, 0.63
5046, 0.88
5047, 0.67
5048, 0.56
5049, 0.48
5050, 0.48
5051, 0.35
5052, 0.56
5053, 0.88
5054, 0.39
5055, 0.56
5056, 0.35
5057, 0.15
5058, 0.35
5059, 0.88
5060, 0.88
5061, 0.35
5062, 0.56
5063, 0.63
5064, 0.40
5065, 0.15
5066, 0.35
5067, 0.56
5068, 0.64
5069, 0.48
5070, 0.56
5071, 0.56
5072, 0.48
5073, 0.88
5074, 0.35
5075, 0.39
5076, 0.48
5077, 0.56
5078, 0.88
5079, 0.88
5080, 0.56
5081, 0.35
5082, 0.48
5083, 0.64
5084, 0.48
5085, 0.88
5086, 0.39
5087, 0.63
5088, 0.64
5089, 0.88
5090, 0.64
5091, 0.63
5092, 0.56
5093, 0.35
5094, 0.15
5095, 0.63
5096, 0.33
5097, 0.35
5098, 0.31
5099, 0.48
5100, 0.64
5101, 0.56
5102, 0.15
5103, 0.48
5104, 0.33
5105, 0.40
5106, 0.63
5107, 0.56
5108, 0.48
5109, 0.88
5110, 0.15
5111, 0.31
5112, 0.35
5113, 0.15
5114, 0.35
5115, 0.63
5116, 0.31
5117, 0.88
5118, 0.53
5119, 0.56
5120, 0.64
5121, 0.67
5122, 0.33
5123, 0.40
5124, 0.63
5125, 0.88
5126, 0.48
5127, 0.15
5128, 0.33
5129, 0.56
5130, 0.56
5131, 0.15
5132, 0.35
5133, 0.48
5134, 0.70
5135, 0.53
5136, 0.35
5137, 0.64
5138, 0.56
5139, 0.35
5140, 0.88
5141, 0.33
5142, 0.88
5143, 0.35
5144, 0.88
5145, 0.64
5146, 0.64
5147, 0.63
5148, 0.56
5149, 0.35
5150, 0.38
5151, 0.40
5152, 0.15
5153, 0.56
5154, 0.15
5155, 0.56
5156, 0.15
5157, 0.64
5158, 0.63
5159, 0.64
5160, 0.23
5161, 0.53
5162, 0.77
5163, 0.35
5164, 0.67
5165, 0.48
5166, 0.39
5167, 0.35
5168, 0.56
5169, 0.39
5170, 0.64
5171, 0.88
5172, 0.35
5173, 0.48
5174, 0.56
5175, 0.15
5176, 0.88
5177, 0.56
5178, 0.48
5179, 0.40
5180, 0.64
5181, 0.88
5182, 0.23
5183, 0.35
5184, 0.88
5185, 0.88
5186, 0.35
5187, 0.35
5188, 0.15
5189, 0.31
5190, 0.56
5191, 0.48
5192, 0.40
5193, 0.35
5194, 0.56
5195, 0.88
5196, 0.56
5197, 0.15
5198, 0.56
5199, 0.53
5200, 0.88
5201, 0.35
5202, 0.70
5203, 0.48
5204, 0.15
5205, 0.70
5206, 0.56
5207, 0.88
5208, 0.40
5209, 0.56
5210, 0.56
5211, 0.40
5212, 0.48
5213, 0.88
5214, 0.35
5215, 0.35
5216, 0.15
5217, 0.40
5218, 0.23
5219, 0.33
5220, 0.48
5221, 0.15
5222, 0.15
5223, 0.48
5224, 0.33
5225, 0.70
5226, 0.39
5227, 0.15
5228, 0.63
5229, 0.15
5230, 0.35
5231, 0.53
5232, 0.64
5233, 0.64
5234, 0.15
5235, 0.88
5236, 0.40
5237, 0.40
5238, 0.23
5239, 0.56
5240, 0.56
5241, 0.88
5242, 0.15
5243, 0.56
5244, 0.88
5245, 0.15
5246, 0.88
5247, 0.88
5248, 0.48
5249, 0.56
5250, 0.63
5251, 0.40
5252, 0.48
5253, 0.15
5254, 0.15
5255, 0.35
5256, 0.56
5257, 0.15
5258, 0.48
5259, 0.56
5260, 0.56
5261, 0.88
5262, 0.56
5263, 0.64
5264, 0.48
5265, 0.35
5266, 0.40
5267, 0.88
5268, 0.15
5269, 0.56
5270, 0.64
5271, 0.48
5272, 0.88
5273, 0.53
5274, 0.63
5275, 0.70
5276, 0.48
5277, 0.56
5278, 0.39
5279, 0.64
5280, 0.39
5281, 0.88
5282, 0.40
5283, 0.88
5284, 0.88
5285, 0.40
5286, 0.15
5287, 0.56
5288, 0.88
5289, 0.64
5290, 0.48
5291, 0.88
5292, 0.40
5293, 0.35
5294, 0.15
5295, 0.15
5296, 0.15
5297, 0.56
5298, 0.48
5299, 0.88
5300, 0.70
5301, 0.48
5302, 0.15
5303, 0.88
5304, 0.56
5305, 0.48
5306, 0.48
5307, 0.35
5308, 0.88
5309, 0.77
5310, 0.40
5311, 0.35
5312, 0.48
5313, 0.40
5314, 0.88
5315, 0.88
5316, 0.48
5317, 0.15
5318, 0.40
5319, 0.88
5320, 0.88
5321, 0.39
5322, 0.56
5323, 0.31
5324, 0.40
5325, 0.40
5326, 0.31
5327, 0.64
5328, 0.56
5329, 0.15
5330, 0.48
5331, 0.63
5332, 0.15
5333, 0.40
5334, 0.53
5335, 0.39
5336, 0.56
5337, 0.56
5338, 0.31
5339, 0.15
5340, 0.15
5341, 0.56
5342, 0.56
5343, 0.48
5344, 0.53
5345, 0.38
5346, 0.33
5347, 0.56
5348, 0.77
5349, 0.35
5350, 0.70
5351, 0.88
5352, 0.64
5353, 0.63
5354, 0.35
5355, 0.88
5356, 0.88
5357, 0.56
5358, 0.56
5359, 0.35
5360, 0.23
5361, 0.88
5362, 0.56
5363, 0.35
5364, 0.35
5365, 0.67
5366, 0.53
5367, 0.88
5368, 0.48
5369, 0.56
5370, 0.88
5371, 0.48
5372, 0.15
5373, 0.39
5374, 0.35
5375, 0.88
5376, 0.15
5377, 0.64
5378, 0.88
5379, 0.35
5380, 0.53
5381, 0.15
5382, 0.56
5383, 0.40
5384, 0.48
5385, 0.35
5386, 0.48
5387, 0.31
5388, 0.15
5389, 0.48
5390, 0.35
5391, 0.56
5392, 0.33
5393, 0.88
5394, 0.67
5395, 0.48
5396, 0.88
5397, 0.39
5398, 0.56
5399, 0.35
5400, 0.39
5401, 0.15
5402, 0.31
5403, 0.35
5404, 0.35
5405, 0.15
5406, 0.64
5407, 0.15
5408, 0.33
5409, 0.39
5410, 0.35
5411, 0.15
5412, 0.88
5413, 0.33
5414, 0.88
5415, 0.67
5416, 0.56
5417, 0.15
5418, 0.15
5419, 0.88
5420, 0.35
5421, 0.48
5422, 0.63
5423, 0.88
5424, 0.15
5425, 0.56
5426, 0.56
5427, 0.33
5428, 0.48
5429, 0.53
5430, 0.35
5431, 0.38
5432, 0.88
5433, 0.48
5434, 0.88
5435, 0.39
5436, 0.56
5437, 0.56
5438, 0.70
5439, 0.64
5440, 0.15
5441, 0.88
5442, 0.64
5443, 0.48
5444, 0.48
5445, 0.35
5446, 0.88
5447, 0.64
5448, 0.56
5449, 0.56
5450, 0.15
5451, 0.88
5452, 0.63
5453, 0.88
5454, 0.56
5455, 0.88
5456, 0.56
5457, 0.88
5458, 0.64
5459, 0.88
5460, 0.48
5461, 0.48
5462, 0.35
5463, 0.67
5464, 0.56
5465, 0.53
5466, 0.35
5467, 0.35
5468, 0.40
5469, 0.35
5470, 0.31
5471, 0.48
5472, 0.88
5473, 0.53
5474, 0.40
5475, 0.33
5476, 0.33
5477, 0.56
5478, 0.40
5479, 0.88
5480, 0.35
5481, 0.53
5482, 0.35
5483, 0.48
5484, 0.39
5485, 0.15
5486, 0.64
5487, 0.88
5488, 0.15
5489, 0.48
5490, 0.88
5491, 0.48
5492, 0.88
5493, 0.48
5494, 0.64
5495, 0.64
5496, 0.88
5497, 0.33
5498, 0.48
5499, 0.63
5500, 0.88
5501, 0.63
5502, 0.39
5503, 0.64
5504, 0.35
5505, 0.67
5506, 0.67
5507, 0.64
5508, 0.35
5509, 0.33
5510, 0.64
5511, 0.39
5512, 0.63
5513, 0.56
5514, 0.88
5515, 0.63
5516, 0.56
5517, 0.77
5518, 0.15
5519, 0.64
5520, 0.88
5521, 0.64
5522, 0.35
5523, 0.64
5524, 0.88
5525, 0.48
5526, 0.56
5527, 0.35
5528, 0.15
5529, 0.56
5530, 0.15
5531, 0.15
5532, 0.39
5533, 0.56
5534, 0.40
5535, 0.48
5536, 0.56
5537, 0.64
5538, 0.88
5539, 0.64
5540, 0.15
5541, 0.15
5542, 0.88
5543, 0.88
5544, 0.88
5545, 0.15
5546, 0.56
5547, 0.35
5548, 0.48
5549, 0.35
5550, 0.15
5551, 0.48
5552, 0.56
5553, 0.35
5554, 0.88
5555, 0.64
5556, 0.39
5557, 0.35
5558, 0.53
5559, 0.48
5560, 0.56
5561, 0.15
5562, 0.56
5563, 0.38
5564, 0.56
5565, 0.35
5566, 0.15
5567, 0.15
5568, 0.33
5569, 0.39
5570, 0.35
5571, 0.64
5572, 0.88
5573, 0.88
5574, 0.70
5575, 0.70
5576, 0.88
5577, 0.15
5578, 0.64
5579, 0.15
5580, 0.40
5581, 0.56
5582, 0.56
5583, 0.64
5584, 0.40
5585, 0.56
5586, 0.56
5587, 0.15
5588, 0.64
5589, 0.77
5590, 0.56
5591, 0.56
5592, 0.48
5593, 0.35
5594, 0.88
5595, 0.56
5596, 0.33
5597, 0.31
5598, 0.56
5599, 0.88
5600, 0.56
5601, 0.33
5602, 0.56
5603, 0.48
5604, 0.35
5605, 0.88
5606, 0.15
5607, 0.35
5608, 0.15
5609, 0.40
5610, 0.35
5611, 0.64
5612, 0.64
5613, 0.15
5614, 0.56
5615, 0.15
5616, 0.15
5617, 0.23
5618, 0.53
5619, 0.56
5620, 0.31
5621, 0.88
5622, 0.15
5623, 0.40
5624, 0.48
5625, 0.39
5626, 0.35
5627, 0.48
5628, 0.48
5629, 0.15
5630, 0.48
5631, 0.40
5632, 0.53
5633, 0.88
5634, 0.40
5635, 0.88
5636, 0.15
5637, 0.15
5638, 0.33
5639, 0.48
5640, 0.48
5641, 0.35
5642, 0.56
5643, 0.56
5644, 0.88
5645, 0.15
5646, 0.23
5647, 0.15
5648, 0.23
5649, 0.48
5650, 0.56
5651, 0.35
5652, 0.48
5653, 0.15
5654, 0.15
5655, 0.56
5656, 0.33
5657, 0.35
5658, 0.88
5659, 0.48
5660, 0.88
5661, 0.15
5662, 0.88
5663, 0.48
5664, 0.48
5665, 0.35
5666, 0.56
5667, 0.64
5668, 0.40
5669, 0.53
5670, 0.39
5671, 0.40
5672, 0.64
5673, 0.15
5674, 0.48
5675, 0.88
5676, 0.48
5677, 0.63
5678, 0.48
5679, 0.38
5680, 0.15
5681, 0.15
5682, 0.48
5683, 0.63
5684, 0.88
5685, 0.53
5686, 0.48
5687, 0.88
5688, 0.88
5689, 0.35
5690, 0.15
5691, 0.63
5692, 0.70
5693, 0.48
5694, 0.39
5695, 0.15
5696, 0.15
5697, 0.40
5698, 0.48
5699, 0.35
5700, 0.15
5701, 0.88
5702, 0.35
5703, 0.88
5704, 0.88
5705, 0.88
5706, 0.88
5707, 0.15
5708, 0.35
5709, 0.88
5710, 0.88
5711, 0.35
5712, 0.64
5713, 0.33
5714, 0.56
5715, 0.77
5716, 0.64
5717, 0.35
5718, 0.63
5719, 0.15
5720, 0.67
5721, 0.48
5722, 0.35
5723, 0.70
5724, 0.35
5725, 0.48
5726, 0.39
5727, 0.15
5728, 0.48
5729, 0.35
5730, 0.64
5731, 0.48
5732, 0.35
5733, 0.88
5734, 0.67
5735, 0.31
5736, 0.88
5737, 0.40
5738, 0.56
5739, 0.88
5740, 0.15
5741, 0.56
5742, 0.35
5743, 0.56
5744, 0.15
5745, 0.88
5746, 0.64
5747, 0.64
5748, 0.23
5749, 0.88
5750, 0.48
5751, 0.88
5752, 0.56
5753, 0.35
5754, 0.53
5755, 0.56
5756, 0.88
5757, 0.53
5758, 0.56
5759, 0.48
5760, 0.15
5761, 0.40
5762, 0.56
5763, 0.33
5764, 0.15
5765, 0.77
5766, 0.35
5767, 0.35
5768, 0.15
5769, 0.88
5770, 0.64
5771, 0.23
5772, 0.56
5773, 0.56
5774, 0.67
5775, 0.35
5776, 0.64
5777, 0.56
5778, 0.15
5779, 0.56
5780, 0.56
5781, 0.48
5782, 0.64
5783, 0.40
5784, 0.40
5785, 0.48
5786, 0.88
5787, 0.38
5788, 0.64
5789, 0.15
5790, 0.88
5791, 0.15
5792, 0.35
5793, 0.38
5794, 0.15
5795, 0.35
5796, 0.15
5797, 0.39
5798, 0.67
5799, 0.39
5800, 0.15
5801, 0.15
5802, 0.56
5803, 0.15
5804, 0.64
5805, 0.88
5806, 0.48
5807, 0.56
5808, 0.15
5809, 0.31
5810, 0.64
5811, 0.40
5812, 0.35
5813, 0.56
5814, 0.38
5815, 0.15
5816, 0.35
5817, 0.35
5818, 0.88
5819, 0.64
5820, 0.56
5821, 0.64
5822, 0.88
5823, 0.39
5824, 0.64
5825, 0.56
5826, 0.88
5827, 0.67
5828, 0.35
5829, 0.53
5830, 0.48
5831, 0.48
5832, 0.64
5833, 0.64
5834, 0.48
5835, 0.15
5836, 0.15
5837, 0.64
5838, 0.56
5839, 0.88
5840, 0.15
5841, 0.48
5842, 0.56
5843, 0.88
5844, 0.24
5845, 0.88
5846, 0.77
5847, 0.35
5848, 0.53
5849, 0.31
5850, 0.31
5851, 0.33
5852, 0.48
5853, 0.56
5854, 0.15
5855, 0.56
5856, 0.38
5857, 0.88
5858, 0.35
5859, 0.40
5860, 0.48
5861, 0.15
5862, 0.33
5863, 0.53
5864, 0.88
5865, 0.56
5866, 0.67
5867, 0.88
5868, 0.39
5869, 0.35
5870, 0.15
5871, 0.38
5872, 0.88
5873, 0.88
5874, 0.56
5875, 0.35
5876, 0.15
5877, 0.88
5878, 0.64
5879, 0.56
5880, 0.56
5881, 0.23
5882, 0.15
5883, 0.88
5884, 0.88
5885, 0.48
5886, 0.35
5887, 0.35
5888, 0.15
5889, 0.35
5890, 0.77
5891, 0.35
5892, 0.40
5893, 0.56
5894, 0.48
5895, 0.56
5896, 0.64
5897, 0.64
5898, 0.56
5899, 0.35
5900, 0.40
5901, 0.35
5902, 0.56
5903, 0.56
5904, 0.15
5905, 0.88
5906, 0.48
5907, 0.48
5908, 0.40
5909, 0.35
5910, 0.88
5911, 0.15
5912, 0.56
5913, 0.88
5914, 0.35
5915, 0.15
5916, 0.40
5917, 0.70
5918, 0.35
5919, 0.64
5920, 0.56
5921, 0.56
5922, 0.48
5923, 0.88
5924, 0.15
5925, 0.48
5926, 0.56
5927, 0.15
5928, 0.64
5929, 0.63
5930, 0.48
5931, 0.39
5932, 0.88
5933, 0.88
5934, 0.39
5935, 0.15
5936, 0.15
5937, 0.56
5938, 0.38
5939, 0.23
5940, 0.15
5941, 0.88
5942, 0.35
5943, 0.35
5944, 0.88
5945, 0.88
5946, 0.48
5947, 0.48
5948, 0.40
5949, 0.88
5950, 0.15
5951, 0.63
5952, 0.40
5953, 0.15
5954, 0.48
5955, 0.48
5956, 0.35
5957, 0.15
5958, 0.35
5959, 0.35
5960, 0.63
5961, 0.64
5962, 0.48
5963, 0.88
5964, 0.88
5965, 0.56
5966, 0.88
5967, 0.39
5968, 0.64
5969, 0.15
5970, 0.56
5971, 0.48
5972, 0.88
5973, 0.35
5974, 0.48
5975, 0.35
5976, 0.15
5977, 0.15
5978, 0.40
5979, 0.35
5980, 0.56
5981, 0.35
5982, 0.56
5983, 0.53
5984, 0.35
5985, 0.56
5986, 0.56
5987, 0.48
5988, 0.88
5989, 0.56
5990, 0.88
5991, 0.88
5992, 0.64
5993, 0.40
5994, 0.48
5995, 0.88
5996, 0.39
5997, 0.48
5998, 0.53
5999, 0.56
6000, 0.88
6001, 0.48
6002, 0.88
6003, 0.88
6004, 0.33
6005, 0.64
6006, 0.15
6007, 0.56
6008, 0.56
6009, 0.56
6010, 0.53
6011, 0.35
6012, 0.48
6013, 0.39
6014, 0.48
6015, 0.48
6016, 0.70
6017, 0.63
6018, 0.56
6019, 0.39
6020, 0.48
6021, 0.23
6022, 0.15
6023, 0.56
6024, 0.48
6025, 0.56
6026, 0.35
6027, 0.88
6028, 0.56
6029, 0.33
6030, 0.64
6031, 0.31
6032, 0.88
6033, 0.33
6034, 0.33
6035, 0.24
6036, 0.88
6037, 0.48
6038, 0.53
6039, 0.35
6040, 0.39
6041, 0.15
6042, 0.40
6043, 0.56
6044, 0.56
6045, 0.15
6046, 0.64
6047, 0.88
6048, 0.64
6049, 0.35
6050, 0.88
6051, 0.48
6052, 0.56
6053, 0.64
6054, 0.48
6055, 0.53
6056, 0.64
6057, 0.56
6058, 0.88
6059, 0.56
6060, 0.64
6061, 0.56
6062, 0.48
6063, 0.40
6064, 0.56
6065, 0.48
6066, 0.48
6067, 0.48
6068, 0.53
6069, 0.48
6070, 0.48
6071, 0.88
6072, 0.35
6073, 0.88
6074, 0.53
6075, 0.35
6076, 0.35
6077, 0.56
6078, 0.56
6079, 0.15
6080, 0.48
6081, 0.40
6082, 0.53
6083, 0.64
6084, 0.48
6085, 0.35
6086, 0.48
6087, 0.48
6088, 0.56
6089, 0.48
6090, 0.56
6091, 0.64
6092, 0.15
6093, 0.64
6094, 0.63
6095, 0.15
6096, 0.48
6097, 0.48
6098, 0.23
6099, 0.48
6100, 0.64
6101, 0.40
6102, 0.33
6103, 0.88
6104, 0.15
6105, 0.35
6106, 0.77
6107, 0.48
6108, 0.40
6109, 0.48
6110, 0.70
6111, 0.40
6112, 0.15
6113, 0.63
6114, 0.67
6115, 0.64
6116, 0.33
6117, 0.53
6118, 0.40
6119, 0.56
6120, 0.15
6121, 0.88
6122, 0.15
6123, 0.15
6124, 0.40
6125, 0.64
6126, 0.39
6127, 0.35
6128, 0.56
6129, 0.33
6130, 0.35
6131, 0.88
6132, 0.39
6133, 0.56
6134, 0.31
6135, 0.48
6136, 0.63
6137, 0.40
6138, 0.39
6139, 0.88
6140, 0.53
6141, 0.88
6142, 0.88
6143, 0.31
6144, 0.40
6145, 0.48
6146, 0.86
6147, 0.40
6148, 0.56
6149, 0.40
6150, 0.64
6151, 0.56
6152, 0.35
6153, 0.64
6154, 0.88
6155, 0.15
6156, 0.15
6157, 0.64
6158, 0.56
6159, 0.15
6160, 0.40
6161, 0.15
6162, 0.67
6163, 0.48
6164, 0.48
6165, 0.56
6166, 0.56
6167, 0.39
6168, 0.38
6169, 0.40
6170, 0.56
6171, 0.88
6172, 0.38
6173, 0.64
6174, 0.35
6175, 0.64
6176, 0.56
6177, 0.35
6178, 0.15
6179, 0.64
6180, 0.56
6181, 0.15
6182, 0.88
6183, 0.48
6184, 0.31
6185, 0.56
6186, 0.56
6187, 0.56
6188, 0.48
6189, 0.88
6190, 0.53
6191, 0.48
6192, 0.48
6193, 0.88
6194, 0.15
6195, 0.48
6196, 0.67
6197, 0.88
6198, 0.35
6199, 0.56
6200, 0.64
6201, 0.64
6202, 0.35
6203, 0.15
6204, 0.88
6205, 0.35
6206, 0.88
6207, 0.39
6208, 0.33
6209, 0.15
6210, 0.40
6211, 0.40
6212, 0.48
6213, 0.15
6214, 0.77
6215, 0.31
6216, 0.39
6217, 0.48
6218, 0.15
6219, 0.88
6220, 0.35
6221, 0.35
6222, 0.33
6223, 0.88
6224, 0.53
6225, 0.39
6226, 0.64
6227, 0.56
6228, 0.48
6229, 0.88
6230, 0.88
6231, 0.39
6232, 0.15
6233, 0.64
6234, 0.88
6235, 0.48
6236, 0.35
6237, 0.56
6238, 0.56
6239, 0.56
6240, 0.35
6241, 0.48
6242, 0.56
6243, 0.64
6244, 0.64
6245, 0.48
6246, 0.64
6247, 0.35
6248, 0.48
6249, 0.40
6250, 0.88
6251, 0.56
6252, 0.33
6253, 0.35
6254, 0.35
6255, 0.38
6256, 0.39
6257, 0.48
6258, 0.63
6259, 0.35
6260, 0.48
6261, 0.53
6262, 0.48
6263, 0.56
6264, 0.15
6265, 0.15
6266, 0.88
6267, 0.70
6268, 0.88
6269, 0.31
6270, 0.31
6271, 0.70
6272, 0.35
6273, 0.15
6274, 0.35
6275, 0.40
6276, 0.56
6277, 0.77
6278, 0.35
6279, 0.48
6280, 0.88
6281, 0.15
6282, 0.64
6283, 0.15
6284, 0.35
6285, 0.48
6286, 0.63
6287, 0.56
6288, 0.70
6289, 0.35
6290, 0.88
6291, 0.35
6292, 0.40
6293, 0.39
6294, 0.70
6295, 0.88
6296, 0.88
6297, 0.35
6298, 0.15
6299, 0.88
6300, 0.48
6301, 0.39
6302, 0.35
6303, 0.15
6304, 0.88
6305, 0.67
6306, 0.64
6307, 0.56
6308, 0.35
6309, 0.35
6310, 0.48
6311, 0.15
6312, 0.15
6313, 0.56
6314, 0.35
6315, 0.48
6316, 0.88
6317, 0.56
6318, 0.48
6319, 0.35
6320, 0.88
6321, 0.48
6322, 0.56
6323, 0.64
6324, 0.88
6325, 0.35
6326, 0.15
6327, 0.48
6328, 0.15
6329, 0.40
6330, 0.77
6331, 0.35
6332, 0.56
6333, 0.48
6334, 0.77
6335, 0.64
6336, 0.67
6337, 0.56
6338, 0.48
6339, 0.64
6340, 0.15
6341, 0.56
6342, 0.24
6343, 0.31
6344, 0.88
6345, 0.35
6346, 0.88
6347, 0.56
6348, 0.88
6349, 0.48
6350, 0.35
6351, 0.56
6352, 0.88
6353, 0.35
6354, 0.56
6355, 0.53
6356, 0.15
6357, 0.88
6358, 0.31
6359, 0.64
6360, 0.88
6361, 0.15
6362, 0.77
6363, 0.88
6364, 0.35
6365, 0.53
6366, 0.15
6367, 0.35
6368, 0.15
6369, 0.88
6370, 0.33
6371, 0.88
6372, 0.15
6373, 0.56
6374, 0.39
6375, 0.15
6376, 0.88
6377, 0.38
6378, 0.88
6379, 0.56
6380, 0.40
6381, 0.56
6382, 0.35
6383, 0.56
6384, 0.40
6385, 0.48
6386, 0.33
6387, 0.40
6388, 0.35
6389, 0.48
6390, 0.64
6391, 0.48
6392, 0.35
6393, 0.67
6394, 0.64
6395, 0.70
6396, 0.88
6397, 0.15
6398, 0.39
6399, 0.53
6400, 0.35
6401, 0.35
6402, 0.15
6403, 0.35
6404, 0.88
6405, 0.35
6406, 0.40
6407, 0.88
6408, 0.48
6409, 0.67
6410, 0.56
6411, 0.56
6412, 0.48
6413, 0.40
6414, 0.39
6415, 0.64
6416, 0.63
6417, 0.15
6418, 0.15
6419, 0.39
6420, 0.86
6421, 0.64
6422, 0.15
6423, 0.15
6424, 0.35
6425, 0.70
6426, 0.88
6427, 0.56
6428, 0.56
6429, 0.56
6430, 0.88
6431, 0.15
6432, 0.35
6433, 0.35
6434, 0.56
6435, 0.53
6436, 0.15
6437, 0.48
6438, 0.56
6439, 0.35
6440, 0.70
6441, 0.40
6442, 0.39
6443, 0.33
6444, 0.23
6445, 0.53
6446, 0.39
6447, 0.40
6448, 0.88
6449, 0.56
6450, 0.15
6451, 0.33
6452, 0.48
6453, 0.56
6454, 0.35
6455, 0.48
6456, 0.88
6457, 0.35
6458, 0.35
6459, 0.56
6460, 0.15
6461, 0.53
6462, 0.40
6463, 0.35
6464, 0.56
6465, 0.35
6466, 0.63
6467, 0.88
6468, 0.88
6469, 0.64
6470, 0.31
6471, 0.64
6472, 0.56
6473, 0.23
6474, 0.48
6475, 0.56
6476, 0.88
6477, 0.56
6478, 0.15
6479, 0.40
6480, 0.31
6481, 0.33
6482, 0.35
6483, 0.35
6484, 0.64
6485, 0.48
6486, 0.15
6487, 0.35
6488, 0.88
6489, 0.15
6490, 0.56
6491, 0.40
6492, 0.15
6493, 0.64
6494, 0.35
6495, 0.63
6496, 0.64
6497, 0.56
6498, 0.15
6499, 0.63
6500, 0.48
6501, 0.64
6502, 0.40
6503, 0.33
6504, 0.15
6505, 0.33
6506, 0.48
6507, 0.53
6508, 0.33
6509, 0.77
6510, 0.48
6511, 0.88
6512, 0.88
6513, 0.35
6514, 0.35
6515, 0.40
6516, 0.53
6517, 0.48
6518, 0.35
6519, 0.64
6520, 0.15
6521, 0.56
6522, 0.64
6523, 0.40
6524, 0.64
6525, 0.35
6526, 0.56
6527, 0.64
6528, 0.88
6529, 0.38
6530, 0.88
6531, 0.56
6532, 0.15
6533, 0.40
6534, 0.64
6535, 0.15
6536, 0.88
6537, 0.40
6538, 0.35
6539, 0.64
6540, 0.48
6541, 0.56
6542, 0.40
6543, 0.88
6544, 0.63
6545, 0.77
6546, 0.35
6547, 0.35
6548, 0.35
6549, 0.88
6550, 0.35
6551, 0.56
6552, 0.15
6553, 0.64
6554, 0.35
6555, 0.35
6556, 0.35
6557, 0.38
6558, 0.64
6559, 0.56
6560, 0.15
6561, 0.56
6562, 0.70
6563, 0.63
6564, 0.40
6565, 0.64
6566, 0.15
6567, 0.88
6568, 0.48
6569, 0.15
6570, 0.48
6571, 0.88
6572, 0.33
6573, 0.48
6574, 0.88
6575, 0.33
6576, 0.15
6577, 0.53
6578, 0.64
6579, 0.35
6580, 0.40
6581, 0.40
6582, 0.56
6583, 0.64
6584, 0.48
6585, 0.35
6586, 0.35
6587, 0.15
6588, 0.35
6589, 0.15
6590, 0.31
6591, 0.35
6592, 0.88
6593, 0.23
6594, 0.48
6595, 0.64
6596, 0.56
6597, 0.40
6598, 0.48
6599, 0.33
6600, 0.48
6601, 0.48
6602, 0.77
6603, 0.53
6604, 0.56
6605, 0.15
6606, 0.53
6607, 0.40
6608, 0.48
6609, 0.39
6610, 0.15
6611, 0.15
6612, 0.15
6613, 0.56
6614, 0.56
6615, 0.67
6616, 0.15
6617, 0.88
6618, 0.40
6619, 0.88
6620, 0.40
6621, 0.15
6622, 0.48
6623, 0.56
6624, 0.56
6625, 0.40
6626, 0.67
6627, 0.35
6628, 0.48
6629, 0.64
6630, 0.88
6631, 0.56
6632, 0.56
6633, 0.64
6634, 0.56
6635, 0.88
6636, 0.35
6637, 0.88
6638, 0.35
6639, 0.88
6640, 0.48
6641, 0.88
6642, 0.56
6643, 0.15
6644, 0.53
6645, 0.48
6646, 0.15
6647, 0.48
6648, 0.15
6649, 0.15
6650, 0.15
6651, 0.64
6652, 0.67
6653, 0.56
6654, 0.56
6655, 0.39
6656, 0.40
6657, 0.48
6658, 0.56
6659, 0.67
6660, 0.88
6661, 0.63
6662, 0.40
6663, 0.48
6664, 0.48
6665, 0.56
6666, 0.38
6667, 0.48
6668, 0.64
6669, 0.63
6670, 0.56
6671, 0.88
6672, 0.48
6673, 0.15
6674, 0.86
6675, 0.23
6676, 0.64
6677, 0.70
6678, 0.64
6679, 0.63
6680, 0.15
6681, 0.86
6682, 0.77
6683, 0.33
6684, 0.88
6685, 0.35
6686, 0.39
6687, 0.64
6688, 0.64
6689, 0.88
6690, 0.56
6691, 0.48
6692, 0.88
6693, 0.39
6694, 0.35
6695, 0.15
6696, 0.88
6697, 0.35
6698, 0.48
6699, 0.39
6700, 0.53
6701, 0.64
6702, 0.15
6703, 0.15
6704, 0.56
6705, 0.15
6706, 0.56
6707, 0.56
6708, 0.56
6709, 0.48
6710, 0.15
6711, 0.64
6712, 0.56
6713, 0.38
6714, 0.15
6715, 0.56
6716, 0.35
6717, 0.35
6718, 0.56
6719, 0.48
6720, 0.23
6721, 0.56
6722, 0.56
6723, 0.88
6724, 0.40
6725, 0.40
6726, 0.63
6727, 0.56
6728, 0.15
6729, 0.88
6730, 0.48
6731, 0.48
6732, 0.88
6733, 0.48
6734, 0.63
6735, 0.64
6736, 0.39
6737, 0.48
6738, 0.40
6739, 0.40
6740, 0.53
6741, 0.48
6742, 0.23
6743, 0.15
6744, 0.88
6745, 0.88
6746, 0.64
6747, 0.40
6748, 0.48
6749, 0.88
6750, 0.39
6751, 0.15
6752, 0.64
6753, 0.53
6754, 0.40
6755, 0.15
6756, 0.56
6757, 0.64
6758, 0.48
6759, 0.35
6760, 0.56
6761, 0.15
6762, 0.15
6763, 0.77
6764, 0.64
6765, 0.15
6766, 0.48
6767, 0.53
6768, 0.39
6769, 0.67
6770, 0.88
6771, 0.48
6772, 0.77
6773, 0.15
6774, 0.86
6775, 0.64
6776, 0.56
6777, 0.64
6778, 0.40
6779, 0.40
6780, 0.56
6781, 0.88
6782, 0.35
6783, 0.35
6784, 0.88
6785, 0.70
6786, 0.35
6787, 0.67
6788, 0.39
6789, 0.88
6790, 0.40
6791, 0.53
6792, 0.88
6793, 0.31
6794, 0.31
6795, 0.77
6796, 0.88
6797, 0.33
6798, 0.88
6799, 0.15
6800, 0.88
6801, 0.88
6802, 0.38
6803, 0.56
6804, 0.15
6805, 0.88
6806, 0.56
6807, 0.56
6808, 0.15
6809, 0.15
6810, 0.15
6811, 0.64
6812, 0.40
6813, 0.40
6814, 0.35
6815, 0.39
6816, 0.88
6817, 0.48
6818, 0.40
6819, 0.64
6820, 0.53
6821, 0.88
6822, 0.31
6823, 0.48
6824, 0.35
6825, 0.88
6826, 0.77
6827, 0.15
6828, 0.40
6829, 0.48
6830, 0.23
6831, 0.88
6832, 0.15
6833, 0.88
6834, 0.48
6835, 0.35
6836, 0.33
6837, 0.15
6838, 0.48
6839, 0.56
6840, 0.15
6841, 0.48
6842, 0.48
6843, 0.86
6844, 0.35
6845, 0.35
6846, 0.48
6847, 0.88
6848, 0.48
6849, 0.63
6850, 0.39
6851, 0.15
6852, 0.56
6853, 0.40
6854, 0.64
6855, 0.64
6856, 0.64
6857, 0.40
6858, 0.35
6859, 0.56
6860, 0.40
6861, 0.88
6862, 0.88
6863, 0.64
6864, 0.48
6865, 0.15
6866, 0.64
6867, 0.64
6868, 0.56
6869, 0.56
6870, 0.56
6871, 0.39
6872, 0.53
6873, 0.88
6874, 0.56
6875, 0.38
6876, 0.56
6877, 0.31
6878, 0.15
6879, 0.33
6880, 0.39
6881, 0.48
6882, 0.64
6883, 0.56
6884, 0.56
6885, 0.70
6886, 0.35
6887, 0.48
6888, 0.53
6889, 0.15
6890, 0.88
6891, 0.56
6892, 0.88
6893, 0.38
6894, 0.88
6895, 0.88
6896, 0.15
6897, 0.88
6898, 0.56
6899, 0.35
6900, 0.88
6901, 0.56
6902, 0.56
6903, 0.15
6904, 0.35
6905, 0.64
6906, 0.15
6907, 0.31
6908, 0.56
6909, 0.23
6910, 0.48
6911, 0.88
6912, 0.35
6913, 0.39
6914, 0.33
6915, 0.23
6916, 0.35
6917, 0.48
6918, 0.48
6919, 0.48
6920, 0.56
6921, 0.48
6922, 0.64
6923, 0.15
6924, 0.88
6925, 0.64
6926, 0.67
6927, 0.35
6928, 0.56
6929, 0.35
6930, 0.35
6931, 0.88
6932, 0.88
6933, 0.48
6934, 0.35
6935, 0.56
6936, 0.88
6937, 0.56
6938, 0.56
6939, 0.15
6940, 0.88
6941, 0.48
6942, 0.35
6943, 0.35
6944, 0.39
6945, 0.38
6946, 0.40
6947, 0.77
6948, 0.15
6949, 0.88
6950, 0.48
6951, 0.88
6952, 0.77
6953, 0.48
6954, 0.48
6955, 0.40
6956, 0.15
6957, 0.35
6958, 0.15
6959, 0.48
6960, 0.15
6961, 0.88
6962, 0.15
6963, 0.48
6964, 0.48
6965, 0.88
6966, 0.15
6967, 0.56
6968, 0.48
6969, 0.88
6970, 0.15
6971, 0.35
6972, 0.56
6973, 0.56
6974, 0.64
6975, 0.88
6976, 0.35
6977, 0.15
6978, 0.33
6979, 0.35
6980, 0.56
6981, 0.15
6982, 0.39
6983, 0.88
6984, 0.35
6985, 0.15
6986, 0.56
6987, 0.56
6988, 0.40
6989, 0.64
6990, 0.56
6991, 0.48
6992, 0.35
6993, 0.64
6994, 0.56
6995, 0.88
6996, 0.38
6997, 0.88
6998, 0.67
6999, 0.48
7000, 0.48
7001, 0.64
7002, 0.56
7003, 0.64
7004, 0.88
7005, 0.64
7006, 0.48
7007, 0.35
7008, 0.35
7009, 0.63
7010, 0.53
7011, 0.40
7012, 0.15
7013, 0.88
7014, 0.56
7015, 0.56
7016, 0.63
7017, 0.40
7018, 0.15
7019, 0.48
7020, 0.53
7021, 0.48
7022, 0.15
7023, 0.64
7024, 0.48
7025, 0.35
7026, 0.56
7027, 0.15
7028, 0.48
7029, 0.48
7030, 0.40
7031, 0.53
7032, 0.48
7033, 0.15
7034, 0.88
7035, 0.88
7036, 0.77
7037, 0.15
7038, 0.53
7039, 0.64
7040, 0.48
7041, 0.35
7042, 0.35
7043, 0.33
7044, 0.35
7045, 0.48
7046, 0.48
7047, 0.31
7048, 0.56
7049, 0.64
7050, 0.53
7051, 0.48
7052, 0.40
7053, 0.48
7054, 0.53
7055, 0.48
7056, 0.48
7057, 0.35
7058, 0.63
7059, 0.15
7060, 0.40
7061, 0.15
7062, 0.56
7063, 0.48
7064, 0.35
7065, 0.88
7066, 0.70
7067, 0.33
7068, 0.40
7069, 0.48
7070, 0.63
7071, 0.67
7072, 0.88
7073, 0.15
7074, 0.35
7075, 0.15
7076, 0.63
7077, 0.15
7078, 0.56
7079, 0.88
7080, 0.88
7081, 0.56
7082, 0.15
7083, 0.35
7084, 0.35
7085, 0.31
7086, 0.53
7087, 0.88
7088, 0.39
7089, 0.56
7090, 0.35
7091, 0.64
7092, 0.48
7093, 0.48
7094, 0.15
7095, 0.70
7096, 0.48
7097, 0.64
7098, 0.70
7099, 0.64
7100, 0.56
7101, 0.35
7102, 0.64
7103, 0.48
7104, 0.64
7105, 0.56
7106, 0.88
7107, 0.48
7108, 0.48
7109, 0.56
7110, 0.15
7111, 0.48
7112, 0.35
7113, 0.56
7114, 0.39
7115, 0.56
7116, 0.48
7117, 0.15
7118, 0.64
7119, 0.64
7120, 0.56
7121, 0.31
7122, 0.35
7123, 0.88
7124, 0.56
7125, 0.70
7126, 0.48
7127, 0.39
7128, 0.35
7129, 0.40
7130, 0.88
7131, 0.64
7132, 0.53
7133, 0.15
7134, 0.15
7135, 0.56
7136, 0.56
7137, 0.15
7138, 0.67
7139, 0.53
7140, 0.15
7141, 0.31
7142, 0.15
7143, 0.35
7144, 0.35
7145, 0.88
7146, 0.56
7147, 0.56
7148, 0.56
7149, 0.88
7150, 0.38
7151, 0.53
7152, 0.15
7153, 0.56
7154, 0.56
7155, 0.88
7156, 0.48
7157, 0.64
7158, 0.56
7159, 0.38
7160, 0.40
7161, 0.15
7162, 0.15
7163, 0.48
7164, 0.64
7165, 0.64
7166, 0.88
7167, 0.33
7168, 0.40
7169, 0.33
7170, 0.77
7171, 0.15
7172, 0.39
7173, 0.40
7174, 0.48
7175, 0.53
7176, 0.64
7177, 0.48
7178, 0.64
7179, 0.88
7180, 0.88
7181, 0.88
7182, 0.40
7183, 0.88
7184, 0.88
7185, 0.56
7186, 0.15
7187, 0.35
7188, 0.33
7189, 0.15
7190, 0.56
7191, 0.56
7192, 0.88
7193, 0.35
7194, 0.48
7195, 0.64
7196, 0.53
7197, 0.23
7198, 0.48
7199, 0.15
7200, 0.88
7201, 0.48
7202, 0.48
7203, 0.35
7204, 0.15
7205, 0.63
7206, 0.48
7207, 0.33
7208, 0.53
7209, 0.33
7210, 0.39
7211, 0.48
7212, 0.35
7213, 0.64
7214, 0.67
7215, 0.15
7216, 0.88
7217, 0.88
7218, 0.64
7219, 0.77
7220, 0.88
7221, 0.56
7222, 0.88
7223, 0.35
7224, 0.39
7225, 0.88
7226, 0.35
7227, 0.56
7228, 0.48
7229, 0.40
7230, 0.40
7231, 0.64
7232, 0.35
7233, 0.48
7234, 0.39
7235, 0.15
7236, 0.56
7237, 0.48
7238, 0.40
7239, 0.56
7240, 0.40
7241, 0.40
7242, 0.39
7243, 0.53
7244, 0.56
7245, 0.35
7246, 0.15
7247, 0.35
7248, 0.40
7249, 0.48
7250, 0.40
7251, 0.56
7252, 0.64
7253, 0.64
7254, 0.40
7255, 0.88
7256, 0.33
7257, 0.35
7258, 0.88
7259, 0.48
7260, 0.33
7261, 0.31
7262, 0.77
7263, 0.48
7264, 0.40
7265, 0.48
7266, 0.33
7267, 0.88
7268, 0.56
7269, 0.88
7270, 0.35
7271, 0.33
7272, 0.35
7273, 0.56
7274, 0.88
7275, 0.88
7276, 0.35
7277, 0.56
7278, 0.56
7279, 0.39
7280, 0.35
7281, 0.35
7282, 0.35
7283, 0.35
7284, 0.48
7285, 0.64
7286, 0.48
7287, 0.88
7288, 0.56
7289, 0.70
7290, 0.48
7291, 0.56
7292, 0.40
7293, 0.64
7294, 0.35
7295, 0.15
7296, 0.88
7297, 0.64
7298, 0.88
7299, 0.53
7300, 0.39
7301, 0.35
7302, 0.40
7303, 0.24
7304, 0.15
7305, 0.88
7306, 0.56
7307, 0.33
7308, 0.15
7309, 0.35
7310, 0.88
7311, 0.40
7312, 0.64
7313, 0.39
7314, 0.56
7315, 0.48
7316, 0.48
7317, 0.67
7318, 0.48
7319, 0.33
7320, 0.35
7321, 0.40
7322, 0.88
7323, 0.40
7324, 0.88
7325, 0.38
7326, 0.39
7327, 0.48
7328, 0.64
7329, 0.48
7330, 0.48
7331, 0.38
7332, 0.35
7333, 0.40
7334, 0.64
7335, 0.48
7336, 0.35
7337, 0.39
7338, 0.48
7339, 0.56
7340, 0.35
7341, 0.48
7342, 0.88
7343, 0.64
7344, 0.35
7345, 0.15
7346, 0.56
7347, 0.88
7348, 0.35
7349, 0.88
7350, 0.40
7351, 0.64
7352, 0.48
7353, 0.33
7354, 0.88
7355, 0.88
7356, 0.35
7357, 0.35
7358, 0.15
7359, 0.63
7360, 0.56
7361, 0.64
7362, 0.88
7363, 0.40
7364, 0.64
7365, 0.56
7366, 0.40
7367, 0.88
7368, 0.48
7369, 0.88
7370, 0.48
7371, 0.70
7372, 0.40
7373, 0.88
7374, 0.48
7375, 0.53
7376, 0.88
7377, 0.15
7378, 0.56
7379, 0.39
7380, 0.56
7381, 0.48
7382, 0.35
7383, 0.77
7384, 0.88
7385, 0.15
7386, 0.48
7387, 0.64
7388, 0.39
7389, 0.88
7390, 0.56
7391, 0.56
7392, 0.35
7393, 0.40
7394, 0.88
7395, 0.48
7396, 0.56
7397, 0.56
7398, 0.40
7399, 0.35
7400, 0.39
7401, 0.88
7402, 0.53
7403, 0.56
7404, 0.48
7405, 0.56
7406, 0.15
7407, 0.56
7408, 0.39
7409, 0.15
7410, 0.33
7411, 0.15
7412, 0.56
7413, 0.15
7414, 0.88
7415, 0.53
7416, 0.15
7417, 0.88
7418, 0.15
7419, 0.39
7420, 0.88
7421, 0.35
