1.622994535595016430e+01 2.374714399818674693e+01 1.923000000000000000e+03 1.000000000000000000e+00
1.370994538023249731e+01 2.019460297515796654e+01 1.905000000000000000e+03 1.000000000000000000e+00
1.466205636858795103e+01 2.125349666421153572e+01 1.922000000000000000e+03 1.000000000000000000e+00
1.626956503283918920e+01 2.337782479921373735e+01 1.922000000000000000e+03 1.000000000000000000e+00
1.614859574259635266e+01 2.252850371171140509e+01 1.929000000000000000e+03 1.000000000000000000e+00
1.586570910975982684e+01 2.268645607148764398e+01 1.936000000000000000e+03 1.000000000000000000e+00
1.201367161405863726e+01 1.841699539649441419e+01 1.925000000000000000e+03 1.000000000000000000e+00
1.425118650352433569e+01 2.123899709451642082e+01 1.930000000000000000e+03 1.000000000000000000e+00
1.080654962198596181e+01 1.860964047443681224e+01 1.920000000000000000e+03 1.000000000000000000e+00
1.527517878114319494e+01 2.207724602451980900e+01 1.936000000000000000e+03 1.000000000000000000e+00
1.315718901351485037e+01 1.985452753356034705e+01 1.931000000000000000e+03 1.000000000000000000e+00
1.639204903936418489e+01 2.314879928554484323e+01 1.952000000000000000e+03 1.000000000000000000e+00
1.455074678538324306e+01 2.173892349138177948e+01 1.917000000000000000e+03 1.000000000000000000e+00
1.619125203406668589e+01 2.311743511463550860e+01 1.931000000000000000e+03 1.000000000000000000e+00
1.329920801838727940e+01 1.913946142096550673e+01 1.911000000000000000e+03 1.000000000000000000e+00
1.515639914487158357e+01 2.189504269329906094e+01 1.930000000000000000e+03 1.000000000000000000e+00
1.087651694656499934e+01 1.836452797660027869e+01 1.970000000000000000e+03 1.000000000000000000e+00
1.716044265824598369e+01 2.415653493432444776e+01 1.925000000000000000e+03 1.000000000000000000e+00
1.465245288303057869e+01 2.201951641403283588e+01 1.998000000000000000e+03 1.000000000000000000e+00
1.135093918154643156e+01 1.860964047443681224e+01 2.004000000000000000e+03 1.000000000000000000e+00
1.522317212735473824e+01 2.244253048860155175e+01 1.931000000000000000e+03 1.000000000000000000e+00
1.474188827273525071e+01 2.155566946395228811e+01 1.912000000000000000e+03 1.000000000000000000e+00
1.228771237954944873e+01 1.973065587539817756e+01 1.953000000000000000e+03 1.000000000000000000e+00
1.590093754508551172e+01 2.270791726826806922e+01 1.915000000000000000e+03 1.000000000000000000e+00
1.535121532185560689e+01 2.241699539649441419e+01 1.953000000000000000e+03 1.000000000000000000e+00
1.599103460622366235e+01 2.473021807747635847e+01 1.925000000000000000e+03 1.000000000000000000e+00
1.536680030099179284e+01 2.244253048860155175e+01 1.940000000000000000e+03 1.000000000000000000e+00
1.705454072809660104e+01 2.432388599210293378e+01 1.964000000000000000e+03 1.000000000000000000e+00
1.554472299775547306e+01 2.225349666421153572e+01 1.930000000000000000e+03 1.000000000000000000e+00
1.401017840402054127e+01 2.041699539649441419e+01 1.912000000000000000e+03 1.000000000000000000e+00
1.166355810421727313e+01 1.819460297515796654e+01 1.899000000000000000e+03 1.000000000000000000e+00
1.498103205836102347e+01 1.893156856932417398e+01 1.929000000000000000e+03 1.000000000000000000e+00
1.848727480057602435e+01 2.676445858348891704e+01 1.910000000000000000e+03 1.000000000000000000e+00
1.455074678538324306e+01 2.173892349138177948e+01 1.917000000000000000e+03 1.000000000000000000e+00
1.124674059849314389e+01 1.821844971711233541e+01 1.930000000000000000e+03 1.000000000000000000e+00
1.556257038060661380e+01 2.241699539649441419e+01 1.922000000000000000e+03 1.000000000000000000e+00
1.528951462218343416e+01 2.210149357076648613e+01 1.923000000000000000e+03 1.000000000000000000e+00
1.556257038060661380e+01 2.241699539649441419e+01 1.922000000000000000e+03 1.000000000000000000e+00
1.705454072809660104e+01 2.432388599210293378e+01 1.964000000000000000e+03 1.000000000000000000e+00
1.198370619265934955e+01 1.760964047443681224e+01 1.928000000000000000e+03 1.000000000000000000e+00
1.851739642748858472e+01 2.535783332402627366e+01 1.973000000000000000e+03 1.000000000000000000e+00
1.572067178682555522e+01 2.217340875288884305e+01 1.932000000000000000e+03 1.000000000000000000e+00
1.169348695749932610e+01 1.890242222366465796e+01 2.005000000000000000e+03 1.000000000000000000e+00
1.501231899872970033e+01 2.154037781199969714e+01 1.923000000000000000e+03 1.000000000000000000e+00
1.727866723994644360e+01 2.417949608276775919e+01 1.935000000000000000e+03 1.000000000000000000e+00
1.148784003382305130e+01 1.896013772152094390e+01 1.920000000000000000e+03 1.000000000000000000e+00
1.607681559705083174e+01 2.320955331662393917e+01 1.932000000000000000e+03 1.000000000000000000e+00
1.584749784124743854e+01 2.256203508378197142e+01 1.941000000000000000e+03 1.000000000000000000e+00
1.499351338823712787e+01 2.168086726695828759e+01 1.923000000000000000e+03 1.000000000000000000e+00
1.851739642748858472e+01 2.535783332402627366e+01 1.973000000000000000e+03 1.000000000000000000e+00
1.658509457735112136e+01 2.375938759394149358e+01 1.949000000000000000e+03 1.000000000000000000e+00
1.455074678538324306e+01 2.077956547587912439e+01 1.925000000000000000e+03 1.000000000000000000e+00
1.193663793900257097e+01 1.882687119065748149e+01 1.965000000000000000e+03 1.000000000000000000e+00
1.605409552055074585e+01 2.280931281927317755e+01 1.940000000000000000e+03 1.000000000000000000e+00
1.607681559705083174e+01 2.320955331662393917e+01 1.932000000000000000e+03 1.000000000000000000e+00
1.387267488027060480e+01 2.051653107004533183e+01 1.931000000000000000e+03 1.000000000000000000e+00
1.668491295208284342e+01 2.280931281927317755e+01 1.927000000000000000e+03 1.000000000000000000e+00
1.430563428754671129e+01 2.031008019257790309e+01 1.923000000000000000e+03 1.000000000000000000e+00
1.472328763823337994e+01 2.098467990578373588e+01 1.926000000000000000e+03 1.000000000000000000e+00
1.152454171503584845e+01 1.944246974226832236e+01 1.997000000000000000e+03 1.000000000000000000e+00
1.200702726689396904e+01 1.905589670432637561e+01 1.927000000000000000e+03 1.000000000000000000e+00
1.516286333760812610e+01 2.219460297515796654e+01 1.926000000000000000e+03 1.000000000000000000e+00
1.563820962663358216e+01 1.803763274440854403e+01 1.924000000000000000e+03 1.000000000000000000e+00
1.606383742871035736e+01 2.271816493121498226e+01 1.931000000000000000e+03 1.000000000000000000e+00
1.091064273046962541e+01 1.801563283411264749e+01 1.935000000000000000e+03 1.000000000000000000e+00
1.483614900424549177e+01 2.168217507415976542e+01 1.923000000000000000e+03 1.000000000000000000e+00
1.538926161136637205e+01 1.960964047443681224e+01 1.901000000000000000e+03 1.000000000000000000e+00
1.552481715240726956e+01 2.219460297515796654e+01 1.932000000000000000e+03 1.000000000000000000e+00
1.542652684845173106e+01 2.216422932611444807e+01 1.925000000000000000e+03 1.000000000000000000e+00
1.573049667267887131e+01 2.239100018796147040e+01 1.937000000000000000e+03 1.000000000000000000e+00
1.222520743694350109e+01 1.898032090747470946e+01 1.934000000000000000e+03 1.000000000000000000e+00
1.287267488027060480e+01 1.973892349138177948e+01 1.951000000000000000e+03 1.000000000000000000e+00
1.522317212735473824e+01 2.244253048860155175e+01 1.931000000000000000e+03 1.000000000000000000e+00
1.369370473922528575e+01 2.075150891833591871e+01 1.922000000000000000e+03 1.000000000000000000e+00
1.381987969983000575e+01 2.027824185440867311e+01 1.931000000000000000e+03 1.000000000000000000e+00
1.177848786122237179e+01 1.937623563616608280e+01 1.910000000000000000e+03 1.000000000000000000e+00
1.330178196205110552e+01 1.860964047443681224e+01 1.911000000000000000e+03 1.000000000000000000e+00
1.639204903936418489e+01 2.306085158626914122e+01 1.936000000000000000e+03 1.000000000000000000e+00
1.587267488027060480e+01 2.349247387362870043e+01 1.926000000000000000e+03 1.000000000000000000e+00
1.535121532185560689e+01 2.241699539649441419e+01 1.953000000000000000e+03 1.000000000000000000e+00
1.566705608686405427e+01 2.244287593473720932e+01 1.924000000000000000e+03 1.000000000000000000e+00
1.461539974372549722e+01 2.175079856472869366e+01 1.915000000000000000e+03 1.000000000000000000e+00
1.517523765029103622e+01 2.200195789721557205e+01 1.927000000000000000e+03 1.000000000000000000e+00
1.103617361255348506e+01 1.854321311269783479e+01 1.991000000000000000e+03 1.000000000000000000e+00
1.442521590329938341e+01 2.206907209307410866e+01 1.916000000000000000e+03 1.000000000000000000e+00
1.136632221424581601e+01 1.774714399818674693e+01 1.995000000000000000e+03 1.000000000000000000e+00
1.554472299775547306e+01 2.225349666421153572e+01 1.930000000000000000e+03 1.000000000000000000e+00
1.573049667267887131e+01 2.239100018796147040e+01 1.937000000000000000e+03 1.000000000000000000e+00
1.658399356913118794e+01 2.336452797660027869e+01 1.937000000000000000e+03 1.000000000000000000e+00
1.627946549179396385e+01 2.311743511463550860e+01 1.931000000000000000e+03 1.000000000000000000e+00
1.566705608686405427e+01 2.244287593473720932e+01 1.924000000000000000e+03 1.000000000000000000e+00
1.072280753116954699e+01 1.864526438416753251e+01 1.965000000000000000e+03 1.000000000000000000e+00
1.612060239371419001e+01 2.286702831712946349e+01 1.939000000000000000e+03 1.000000000000000000e+00
1.227612440527423843e+01 1.884230123122708633e+01 1.910000000000000000e+03 1.000000000000000000e+00
1.613659066379140583e+01 2.341699539649441419e+01 1.992000000000000000e+03 1.000000000000000000e+00
1.582376527978965974e+01 2.260059533483380534e+01 1.913000000000000000e+03 1.000000000000000000e+00
1.309506730160705423e+01 2.274201167316934757e+01 1.949000000000000000e+03 1.000000000000000000e+00
1.156985560833094873e+01 1.884230123122708633e+01 1.970000000000000000e+03 1.000000000000000000e+00
1.521371179810567220e+01 2.219460297515796654e+01 1.920000000000000000e+03 1.000000000000000000e+00
1.323332008273082216e+01 1.969710331568715134e+01 1.910000000000000000e+03 1.000000000000000000e+00
1.900909871120409989e+01 2.332597213151908733e+01 1.912000000000000000e+03 0.000000000000000000e+00
1.580876311645041277e+01 2.530312743193613656e+01 1.950000000000000000e+03 0.000000000000000000e+00
1.670892221131344613e+01 2.583845916493269357e+01 1.918000000000000000e+03 0.000000000000000000e+00
1.175905593916017011e+01 2.339100018796147040e+01 1.899000000000000000e+03 0.000000000000000000e+00
1.363854904436033166e+01 2.302899733219540224e+01 1.920000000000000000e+03 0.000000000000000000e+00
1.417726379825346861e+01 2.545513052538118615e+01 1.900000000000000000e+03 0.000000000000000000e+00
1.835820904682863386e+01 2.693803802090589983e+01 1.930000000000000000e+03 0.000000000000000000e+00
1.566636271681135106e+01 2.425349666421153572e+01 1.900000000000000000e+03 0.000000000000000000e+00
1.708056773191193756e+01 2.596926978320210466e+01 1.921000000000000000e+03 0.000000000000000000e+00
1.359630624813372535e+01 2.297456303294258717e+01 1.917000000000000000e+03 0.000000000000000000e+00
1.846470128729452398e+01 2.789735285398626274e+01 1.926000000000000000e+03 0.000000000000000000e+00
1.338990017277306421e+01 2.285775780368764387e+01 1.920000000000000000e+03 0.000000000000000000e+00
1.887824853193228947e+01 2.729789078356998999e+01 1.972000000000000000e+03 0.000000000000000000e+00
1.591298286892414282e+01 2.397596268868262825e+01 2.010000000000000000e+03 0.000000000000000000e+00
1.547040467706563938e+01 2.025349666421153572e+01 1.910000000000000000e+03 0.000000000000000000e+00
1.725580313159470691e+01 2.628029672355525292e+01 1.917000000000000000e+03 0.000000000000000000e+00
1.248305997787166888e+01 2.317645562844770879e+01 1.915000000000000000e+03 0.000000000000000000e+00
1.671052395717452654e+01 2.634604240575510303e+01 1.920000000000000000e+03 0.000000000000000000e+00
1.517621211506357248e+01 2.501903141057451307e+01 1.914000000000000000e+03 0.000000000000000000e+00
1.900909871120409989e+01 2.607729354301456937e+01 1.912000000000000000e+03 0.000000000000000000e+00
1.958827726699592020e+01 2.796002721674965485e+01 1.956000000000000000e+03 0.000000000000000000e+00
1.256248094534931603e+01 2.410149357076648613e+01 1.920000000000000000e+03 0.000000000000000000e+00
1.227292132686700299e+01 2.354627841343938144e+01 1.915000000000000000e+03 0.000000000000000000e+00
2.015271437590686077e+01 2.912386138379494227e+01 1.930000000000000000e+03 0.000000000000000000e+00
1.962116652691201679e+01 2.465403459379526652e+01 1.954000000000000000e+03 0.000000000000000000e+00
1.846447395838842098e+01 2.736619679696089946e+01 1.935000000000000000e+03 0.000000000000000000e+00
1.458249484824752251e+01 2.412770345008933504e+01 1.910000000000000000e+03 0.000000000000000000e+00
1.455704480928361200e+01 2.342342166565384787e+01 1.929000000000000000e+03 0.000000000000000000e+00
1.900909871120409989e+01 2.246779532871456198e+01 1.912000000000000000e+03 0.000000000000000000e+00
1.188417051910843547e+01 2.163200828746526483e+01 1.910000000000000000e+03 0.000000000000000000e+00
1.823902507378529592e+01 2.722618931821580190e+01 1.983000000000000000e+03 0.000000000000000000e+00
1.784506119707425142e+01 2.743936320952287033e+01 1.906000000000000000e+03 0.000000000000000000e+00
1.672067178682555522e+01 2.629789078356998999e+01 1.913000000000000000e+03 0.000000000000000000e+00
1.591298286892414282e+01 2.397596268868262825e+01 2.010000000000000000e+03 0.000000000000000000e+00
1.566636271681135106e+01 2.425349666421153572e+01 1.900000000000000000e+03 0.000000000000000000e+00
1.835820904682863386e+01 2.693803802090589983e+01 1.930000000000000000e+03 0.000000000000000000e+00
1.566636271681135106e+01 2.425349666421153572e+01 1.900000000000000000e+03 0.000000000000000000e+00
1.647924344726350654e+01 2.545513052538118615e+01 1.931000000000000000e+03 0.000000000000000000e+00
1.647924344726350654e+01 2.545513052538118615e+01 1.931000000000000000e+03 0.000000000000000000e+00
1.784506119707425142e+01 2.743936320952287033e+01 1.906000000000000000e+03 0.000000000000000000e+00
1.503617361255348506e+01 2.557542475909889745e+01 1.900000000000000000e+03 0.000000000000000000e+00
1.837076402070572811e+01 2.786230590688705888e+01 1.931000000000000000e+03 0.000000000000000000e+00
1.784506119707425142e+01 2.743936320952287033e+01 1.906000000000000000e+03 0.000000000000000000e+00
1.553533613574570005e+01 2.483845916493269357e+01 1.921000000000000000e+03 0.000000000000000000e+00
1.540231261579633859e+01 2.190242222366465796e+01 1.900000000000000000e+03 0.000000000000000000e+00
1.887824853193228947e+01 2.729789078356998999e+01 1.972000000000000000e+03 0.000000000000000000e+00
1.574336180686586495e+01 2.122435031855201970e+01 2.008000000000000000e+03 0.000000000000000000e+00
1.784766299226253139e+01 2.131008019257790309e+01 1.961000000000000000e+03 0.000000000000000000e+00
1.958827726699592020e+01 2.796002721674965485e+01 1.956000000000000000e+03 0.000000000000000000e+00
1.707000560814100965e+01 2.602257280178443466e+01 1.895000000000000000e+03 0.000000000000000000e+00
1.441910431109535651e+01 2.505050964204768249e+01 1.926000000000000000e+03 0.000000000000000000e+00
1.669985708203947894e+01 2.693156856932417398e+01 1.893000000000000000e+03 0.000000000000000000e+00
1.524041868717967319e+01 2.465403459379526652e+01 1.912000000000000000e+03 0.000000000000000000e+00
1.823902507378529592e+01 2.722618931821580190e+01 1.983000000000000000e+03 0.000000000000000000e+00
1.699784103500859089e+01 2.483845916493269357e+01 1.913000000000000000e+03 0.000000000000000000e+00
1.323257082535698892e+01 2.241699539649441419e+01 1.920000000000000000e+03 0.000000000000000000e+00
1.540231261579633859e+01 2.190242222366465796e+01 1.900000000000000000e+03 0.000000000000000000e+00
1.582229696375374672e+01 2.565540013581949452e+01 1.929000000000000000e+03 0.000000000000000000e+00
1.714938989396140201e+01 2.625673908170022131e+01 1.924000000000000000e+03 0.000000000000000000e+00
1.306002035450785215e+01 2.399765775978194782e+01 1.920000000000000000e+03 0.000000000000000000e+00
1.887824853193228947e+01 2.729789078356998999e+01 1.972000000000000000e+03 0.000000000000000000e+00
1.846470128729452398e+01 2.789735285398626274e+01 1.926000000000000000e+03 0.000000000000000000e+00
1.958827726699592020e+01 2.796002721674965485e+01 1.956000000000000000e+03 0.000000000000000000e+00
1.669985708203947894e+01 2.693156856932417398e+01 1.893000000000000000e+03 0.000000000000000000e+00
1.380322299951846077e+01 2.451653107004533183e+01 1.900000000000000000e+03 0.000000000000000000e+00
1.200422046631819484e+01 2.325349666421153572e+01 1.915000000000000000e+03 0.000000000000000000e+00
1.387036471958340478e+01 2.281909384006576147e+01 1.900000000000000000e+03 0.000000000000000000e+00
1.292072501975118115e+01 2.225349666421153572e+01 1.920000000000000000e+03 0.000000000000000000e+00
1.670892221131344613e+01 2.583845916493269357e+01 1.918000000000000000e+03 0.000000000000000000e+00
1.607305367825463094e+01 2.415930964516330093e+01 1.910000000000000000e+03 0.000000000000000000e+00
1.678596324707727305e+01 2.571292828284883214e+01 1.913000000000000000e+03 0.000000000000000000e+00
1.237177664433792401e+01 2.191342122261391623e+01 1.900000000000000000e+03 0.000000000000000000e+00
1.301227534485611947e+01 2.105258397028553929e+01 1.910000000000000000e+03 0.000000000000000000e+00
1.529354349441175920e+01 2.334095950546187481e+01 1.910000000000000000e+03 0.000000000000000000e+00
1.404422333568960823e+01 2.468050675746405886e+01 1.904000000000000000e+03 0.000000000000000000e+00
1.708056773191193756e+01 2.596926978320210466e+01 1.921000000000000000e+03 0.000000000000000000e+00
1.261838550225860622e+01 1.935164668530354959e+01 1.920000000000000000e+03 0.000000000000000000e+00
1.784766299226253139e+01 2.131008019257790309e+01 1.961000000000000000e+03 0.000000000000000000e+00
1.887824853193228947e+01 2.729789078356998999e+01 1.972000000000000000e+03 0.000000000000000000e+00
1.555898863872537419e+01 2.465948902388737451e+01 1.920000000000000000e+03 0.000000000000000000e+00
1.524041868717967319e+01 2.465403459379526652e+01 1.912000000000000000e+03 0.000000000000000000e+00
1.931172171116799063e+01 2.829789078356998999e+01 1.913000000000000000e+03 0.000000000000000000e+00
1.671052395717452654e+01 2.634604240575510303e+01 1.920000000000000000e+03 0.000000000000000000e+00
1.924319258245373376e+01 2.796926978320210466e+01 1.964000000000000000e+03 0.000000000000000000e+00
1.695609250946299795e+01 2.723077658771145337e+01 1.914000000000000000e+03 0.000000000000000000e+00
1.823902507378529592e+01 2.722618931821580190e+01 1.983000000000000000e+03 0.000000000000000000e+00
1.688033684942741175e+01 2.468965850352598679e+01 2.013000000000000000e+03 0.000000000000000000e+00
1.835820904682863386e+01 2.693803802090589983e+01 1.930000000000000000e+03 0.000000000000000000e+00
1.670892221131344613e+01 2.583845916493269357e+01 1.918000000000000000e+03 0.000000000000000000e+00
1.343280285635186999e+01 2.265403459379526652e+01 1.910000000000000000e+03 0.000000000000000000e+00
1.725580313159470691e+01 2.628029672355525292e+01 1.917000000000000000e+03 0.000000000000000000e+00
1.456015368049311931e+01 2.426785195718860777e+01 1.910000000000000000e+03 0.000000000000000000e+00
1.528540221886224870e+01 2.576445858348891704e+01 1.924000000000000000e+03 0.000000000000000000e+00
1.505684936259262230e+01 2.573892349138177948e+01 1.900000000000000000e+03 0.000000000000000000e+00
1.305324712591242609e+01 2.265366556641626516e+01 1.986000000000000000e+03 0.000000000000000000e+00
1.355686524676662330e+01 2.425349666421153572e+01 1.920000000000000000e+03 0.000000000000000000e+00
1.924319258245373376e+01 2.796926978320210466e+01 1.964000000000000000e+03 0.000000000000000000e+00
1.311715606091603981e+01 2.301903141057451307e+01 1.915000000000000000e+03 0.000000000000000000e+00
1.429927957886649281e+01 2.664581408699029552e+01 1.900000000000000000e+03 0.000000000000000000e+00
1.784506119707425142e+01 2.743936320952287033e+01 1.906000000000000000e+03 0.000000000000000000e+00
1.043045255166553176e+01 1.809506730160705246e+01 1.993000000000000000e+03 2.000000000000000000e+00
1.185447883417162984e+01 1.774714399818674693e+01 1.947000000000000000e+03 2.000000000000000000e+00
1.203617361255348506e+01 1.860964047443681224e+01 1.940000000000000000e+03 2.000000000000000000e+00
1.143045255166553176e+01 1.891619437393334735e+01 1.950000000000000000e+03 2.000000000000000000e+00
1.190350531042387949e+01 1.904028169318642583e+01 1.980000000000000000e+03 2.000000000000000000e+00
1.210983065427879346e+01 2.033756092900000922e+01 1.970000000000000000e+03 2.000000000000000000e+00
1.093516504960369495e+01 1.824190868993632364e+01 2.014000000000000000e+03 2.000000000000000000e+00
1.070822173003835331e+01 1.896013772152094390e+01 2.012000000000000000e+03 2.000000000000000000e+00
1.350270751416437243e+01 2.006907209307410866e+01 2.007000000000000000e+03 2.000000000000000000e+00
1.379674942190233722e+01 2.216422932611444807e+01 2.003000000000000000e+03 2.000000000000000000e+00
1.064024493622234502e+01 1.840665345227295546e+01 1.920000000000000000e+03 2.000000000000000000e+00
1.195492329203032078e+01 1.893156856932417398e+01 2.005000000000000000e+03 2.000000000000000000e+00
1.108878823871690678e+01 1.884230123122708633e+01 1.920000000000000000e+03 2.000000000000000000e+00
1.171810471312175750e+01 1.958526515843772842e+01 2.013000000000000000e+03 2.000000000000000000e+00
1.300140819439280904e+01 2.004580231375126331e+01 1.992000000000000000e+03 2.000000000000000000e+00
1.158261245126701944e+01 1.862756238243407481e+01 2.008000000000000000e+03 2.000000000000000000e+00
1.166622400280317962e+01 1.946762146956438500e+01 1.994000000000000000e+03 2.000000000000000000e+00
1.583244503548207227e+01 1.687267488027060480e+01 1.969000000000000000e+03 2.000000000000000000e+00
1.183802205830454568e+01 1.973989924757941239e+01 2.013000000000000000e+03 2.000000000000000000e+00
1.091064273046962541e+01 1.878350346285710160e+01 2.014000000000000000e+03 2.000000000000000000e+00
1.096578428466208699e+01 1.892126855606145597e+01 1.925000000000000000e+03 2.000000000000000000e+00
1.146964181723951626e+01 1.853677461982935526e+01 1.984000000000000000e+03 2.000000000000000000e+00
1.287267488027060480e+01 2.077956547587912439e+01 2.003000000000000000e+03 2.000000000000000000e+00
1.196578428466208699e+01 1.972582222084229997e+01 1.975000000000000000e+03 2.000000000000000000e+00
1.140673648269172347e+01 1.874714399818674693e+01 1.955000000000000000e+03 2.000000000000000000e+00
1.192295599190847710e+01 1.960946012628470569e+01 2.014000000000000000e+03 2.000000000000000000e+00
1.125384748498740350e+01 1.861155078006780528e+01 2.013000000000000000e+03 2.000000000000000000e+00
1.041362792902417311e+01 1.945843865568100028e+01 1.940000000000000000e+03 2.000000000000000000e+00
1.091886323727459462e+01 1.904259988171291695e+01 1.970000000000000000e+03 2.000000000000000000e+00
1.121431912080076643e+01 1.841699539649441419e+01 1.899000000000000000e+03 2.000000000000000000e+00
1.206204613772048972e+01 1.918253014285739155e+01 1.965000000000000000e+03 2.000000000000000000e+00
1.083289001416474129e+01 1.939623683632761697e+01 1.945000000000000000e+03 2.000000000000000000e+00
1.065821148275179553e+01 1.888464752193668161e+01 1.975000000000000000e+03 2.000000000000000000e+00
1.096578428466208699e+01 1.931008019257790309e+01 1.980000000000000000e+03 2.000000000000000000e+00
1.208381170725288101e+01 1.929893963497270448e+01 1.991000000000000000e+03 2.000000000000000000e+00
1.168868742322253595e+01 1.956383678482368538e+01 2.012000000000000000e+03 2.000000000000000000e+00
1.172706955802370565e+01 1.958992722803105480e+01 2.011000000000000000e+03 2.000000000000000000e+00
1.055074678538324306e+01 1.883460683943708602e+01 1.970000000000000000e+03 2.000000000000000000e+00
1.113249972962850975e+01 1.957126380272375599e+01 1.965000000000000000e+03 2.000000000000000000e+00
1.154978466794785952e+01 1.957491129913533356e+01 2.012000000000000000e+03 2.000000000000000000e+00
1.147471994652648242e+01 1.885756798788039745e+01 1.998000000000000000e+03 2.000000000000000000e+00
1.113699111208022963e+01 1.880498807275903062e+01 1.999000000000000000e+03 2.000000000000000000e+00
1.105052890553055533e+01 1.904172331181396771e+01 2.014000000000000000e+03 2.000000000000000000e+00
1.134263029867840800e+01 1.976755730073093176e+01 2.013000000000000000e+03 2.000000000000000000e+00
1.156176526362770751e+01 1.741699539649441419e+01 1.920000000000000000e+03 2.000000000000000000e+00
1.333035671695794377e+01 2.239100018796147040e+01 2.002000000000000000e+03 2.000000000000000000e+00
1.148381577726425640e+01 1.938574446250997596e+01 1.980000000000000000e+03 2.000000000000000000e+00
1.092925840863697218e+01 1.912060239371419001e+01 1.955000000000000000e+03 2.000000000000000000e+00
1.108679968562345231e+01 1.855449892024435243e+01 1.998000000000000000e+03 2.000000000000000000e+00
1.074483383749954513e+01 1.905986197033399066e+01 1.925000000000000000e+03 2.000000000000000000e+00
1.217648484729189029e+01 2.031605609303322169e+01 1.960000000000000000e+03 2.000000000000000000e+00
1.110328780841202168e+01 1.947704278016435353e+01 1.989000000000000000e+03 2.000000000000000000e+00
1.100702726689396904e+01 1.870008745466946465e+01 2.012000000000000000e+03 2.000000000000000000e+00
1.312395971059229005e+01 2.087642701513171417e+01 1.963000000000000000e+03 2.000000000000000000e+00
1.176279726249823199e+01 1.977323581252807472e+01 2.013000000000000000e+03 2.000000000000000000e+00
1.172067178682555522e+01 1.957119157356448014e+01 2.014000000000000000e+03 2.000000000000000000e+00
1.153381638943336540e+01 1.925349666421153572e+01 1.978000000000000000e+03 2.000000000000000000e+00
1.187996607966435647e+01 1.977307157880460764e+01 2.013000000000000000e+03 2.000000000000000000e+00
1.166355810421727313e+01 1.923957988387635254e+01 1.915000000000000000e+03 2.000000000000000000e+00
1.159058704991503497e+01 1.926499230304936461e+01 1.930000000000000000e+03 2.000000000000000000e+00
1.312120971640928424e+01 2.046762146956438500e+01 1.972000000000000000e+03 2.000000000000000000e+00
1.114974711950468134e+01 1.869710331568715134e+01 1.980000000000000000e+03 2.000000000000000000e+00
1.146250227259726451e+01 1.952325755951972752e+01 2.014000000000000000e+03 2.000000000000000000e+00
1.072280753116954699e+01 1.864797129476948712e+01 2.002000000000000000e+03 2.000000000000000000e+00
1.101262453886505988e+01 1.892256407866915424e+01 2.000000000000000000e+03 2.000000000000000000e+00
1.184549005094437568e+01 1.926441969139632704e+01 1.949000000000000000e+03 2.000000000000000000e+00
1.188607758487309418e+01 2.019460297515796654e+01 1.960000000000000000e+03 2.000000000000000000e+00
1.154978466794785952e+01 1.957491129913533356e+01 2.012000000000000000e+03 2.000000000000000000e+00
1.191774501344321635e+01 1.790242222366465796e+01 2.007000000000000000e+03 2.000000000000000000e+00
1.157931593758001476e+01 1.935819831324922902e+01 1.915000000000000000e+03 2.000000000000000000e+00
1.210328780841202168e+01 1.992070757669240777e+01 2.000000000000000000e+03 2.000000000000000000e+00
1.127844945822048217e+01 1.916913228764185106e+01 1.970000000000000000e+03 2.000000000000000000e+00
1.165821148275179553e+01 1.860964047443681224e+01 1.991000000000000000e+03 2.000000000000000000e+00
1.166355810421727313e+01 1.923957988387635254e+01 1.915000000000000000e+03 2.000000000000000000e+00
1.293590168226758763e+01 2.154014128522797478e+01 1.930000000000000000e+03 2.000000000000000000e+00
1.139606955763986740e+01 1.860900194059518498e+01 1.940000000000000000e+03 2.000000000000000000e+00
1.114720492494222803e+01 1.894592386230124248e+01 1.965000000000000000e+03 2.000000000000000000e+00
1.071424551766612332e+01 1.829670116277670289e+01 1.980000000000000000e+03 2.000000000000000000e+00
1.078790255939143172e+01 1.698815209769054135e+01 1.915000000000000000e+03 2.000000000000000000e+00
1.148934624071909916e+01 1.960964047443681224e+01 2.004000000000000000e+03 2.000000000000000000e+00
1.067330907556169528e+01 1.841699539649441419e+01 1.910000000000000000e+03 2.000000000000000000e+00
1.158871463558226367e+01 1.884995480377052246e+01 1.984000000000000000e+03 2.000000000000000000e+00
1.134817486753555649e+01 1.869710331568715134e+01 2.009000000000000000e+03 2.000000000000000000e+00
1.164385618977472525e+01 1.951653107004533183e+01 1.980000000000000000e+03 2.000000000000000000e+00
1.122400167419810479e+01 1.893156856932417398e+01 1.965000000000000000e+03 2.000000000000000000e+00
1.183920378809694363e+01 1.941699539649441419e+01 1.980000000000000000e+03 2.000000000000000000e+00
1.191998059504896190e+01 1.945130771764071298e+01 2.003000000000000000e+03 2.000000000000000000e+00
1.164970526547141283e+01 1.886665109264283657e+01 1.999000000000000000e+03 2.000000000000000000e+00
1.121431912080076643e+01 1.920060171577940977e+01 1.965000000000000000e+03 2.000000000000000000e+00
1.343827205612483056e+01 1.953563989299303572e+01 1.986000000000000000e+03 2.000000000000000000e+00
1.160733031374961044e+01 1.969710331568715134e+01 1.955000000000000000e+03 2.000000000000000000e+00
1.036632221424581601e+01 1.853753692816563259e+01 1.970000000000000000e+03 2.000000000000000000e+00
1.116741814583173742e+01 1.890242222366465796e+01 2.005000000000000000e+03 2.000000000000000000e+00
1.081378119121703740e+01 1.848738472438581226e+01 1.943000000000000000e+03 2.000000000000000000e+00
1.210590850857115797e+01 1.982687119065748149e+01 1.931000000000000000e+03 2.000000000000000000e+00
1.230492166958167211e+01 1.954037781199969714e+01 1.931000000000000000e+03 2.000000000000000000e+00
1.081378119121703740e+01 1.846961002265783947e+01 1.975000000000000000e+03 2.000000000000000000e+00
1.132586758057541765e+01 1.881127433560646267e+01 1.997000000000000000e+03 2.000000000000000000e+00
1.218053080734448201e+01 1.981364968958228445e+01 2.013000000000000000e+03 2.000000000000000000e+00
1.083368074865474107e+01 1.877635591940323323e+01 2.002000000000000000e+03 2.000000000000000000e+00
